1.925479 -0.543498 0.699654 1.059301 2.853104 1.681561 1.430328 1.405813 1.298158 1.518870
3.937308 -0.601702 0.984176 1.173670 2.013596 0.393615 2.523183 0.823714 2.178530 2.658118
2.392578 -0.397762 0.305732 0.763452 0.981471 2.105378 1.823940 1.033029 -0.224012 1.252926
1.806791 -0.191336 0.854641 1.763076 0.959860 0.852691 1.985640 1.690960 -0.501906 3.469521
2.385327 -1.002084 0.858047 1.344387 1.021623 0.383240 1.690617 2.116189 0.181776 3.315306
2.313490 -0.882404 0.149234 1.009565 2.103858 1.325014 1.018366 1.783387 0.390707 2.024331
1.656762 -0.497455 0.661671 0.448550 1.911207 2.632614 0.133648 2.234878 0.547979 2.600397
1.935956 -0.687554 0.389426 1.106548 2.127342 2.303497 1.993757 1.787434 0.026784 1.570879
2.899298 -0.160588 0.037283 1.361527 2.094527 1.106725 1.190393 1.235440 1.281809 1.987732
2.089887 -1.663853 1.441247 1.217813 2.163377 0.389644 2.746761 2.749687 0.456615 2.322060
1.644056 -1.166939 0.597540 1.867603 1.365911 1.312885 1.840856 2.099986 -0.193669 2.556212
2.116814 -0.711695 -0.300584 1.897798 2.450417 1.027924 2.606783 2.018786 1.330774 1.499953
2.617941 -0.389467 0.457121 0.453665 1.744374 2.004556 1.389214 1.132651 1.003114 1.719169
2.574433 -0.963254 0.501686 -0.046413 1.912737 1.267828 1.069979 1.545937 1.581538 2.128868
1.660723 -0.451642 0.857416 2.084878 1.229223 0.547825 3.081305 0.904620 -0.634470 2.167892
2.094623 -0.733355 0.569430 1.708377 2.404682 1.097595 1.813046 1.889838 1.137620 1.836825
2.473159 -0.894669 1.020895 1.456364 1.969312 1.845823 1.162492 1.600805 1.588575 2.519601
1.565339 -0.766212 0.816092 0.474458 2.188535 1.270424 2.447040 2.318538 -0.389803 2.157137
2.943015 0.126185 0.242424 0.686427 1.514598 1.245310 1.054684 1.513884 0.061093 2.084442
3.560809 -0.942546 0.690101 1.498745 1.850998 1.808763 0.809518 1.682882 1.803548 2.110608
2.307013 -0.760121 0.208870 0.937842 2.952119 1.898204 1.811847 0.047843 2.302164 1.420898
2.140214 -0.998638 -0.014071 0.896445 1.968193 1.296160 1.757327 1.662572 0.776414 1.989777
1.465514 -0.809060 -0.296272 1.653623 0.825539 2.072172 2.353248 2.596832 0.512038 1.111176
2.080951 -1.322665 1.261168 1.740941 1.595233 2.126735 0.966129 1.799603 0.340378 2.179567
3.257688 -1.019404 1.672167 1.329850 1.901759 0.422789 2.113338 1.197033 1.678755 2.879795
1.912535 -1.151832 0.257470 2.067227 1.975658 1.731024 1.996013 1.430828 1.209312 1.934577
0.333781 2.721090 1.730701 1.837343 3.589784 -1.093658 1.062125 2.290698 2.493222 2.711533
-0.991841 3.528830 -0.303415 1.311573 2.598698 1.599810 1.162894 1.555082 2.634229 2.464982
2.539032 -0.955160 0.430356 1.490507 1.261276 0.597177 0.679407 1.985422 0.403393 2.417777
1.587316 -0.014359 -0.713137 0.855274 1.635762 2.368436 2.531315 2.541095 1.017799 0.800259
3.459621 -0.910647 -0.330679 1.618164 2.059880 0.795284 0.659311 2.379070 2.528146 2.630283
-0.343518 3.102139 0.866076 1.095662 3.684580 1.884479 3.619304 1.982442 1.395603 3.540825
2.428338 -0.080676 0.333597 0.710370 1.844899 1.836047 1.070109 1.233972 0.993119 1.970779
1.821471 1.980855 0.432536 0.788949 1.763229 2.498657 2.344516 1.262468 1.463506 -1.001641
-0.247790 2.318380 0.189116 1.573358 1.736241 1.305535 3.098866 1.827788 -0.360427 1.315545
1.534253 -0.116419 -0.135510 1.685966 0.975043 1.130779 2.102484 2.427813 0.729418 1.696901
3.487589 -0.334834 1.416362 0.521594 2.717625 1.071196 1.709928 1.306003 1.154484 2.581507
0.993902 0.946948 1.322748 0.597432 -0.142657 1.928308 2.847222 0.604200 0.988372 -0.272231
-0.851457 2.848124 1.359770 1.943412 1.209885 0.590996 0.928711 2.582206 2.243617 3.822226
1.742179 -1.079829 0.044850 2.054709 1.842277 1.826227 2.159136 0.778050 1.894892 2.521986
1.236439 2.865833 1.029963 1.732764 0.773009 2.238337 2.583825 0.007400 0.968733 0.241834
2.063395 -0.435503 0.420391 1.597663 0.602371 1.940739 1.566681 0.439098 1.324133 2.541659
-0.490501 3.223959 0.392899 2.644543 1.827372 1.468321 0.136585 1.637887 3.157017 2.769958
2.186111 -1.394023 -0.377151 1.225230 2.648670 1.464635 2.132103 1.682032 1.487561 2.206536
1.619486 -0.918491 0.644750 2.098567 2.367893 0.755963 2.183313 1.057564 0.940923 1.931257
-0.572373 2.842023 0.684807 0.394860 2.458367 1.512482 2.512267 0.861418 0.667096 2.682177
2.062367 -0.860870 1.115115 1.983611 1.430969 0.708387 2.627122 0.842889 1.109766 1.453002
2.054616 1.536026 1.590880 0.863819 1.128543 2.085397 2.205632 1.587702 0.718745 -0.400299
4.065746 -0.279370 1.200267 0.020366 1.176914 1.533506 2.267868 1.426044 0.355933 1.774634
2.628155 1.620895 1.667308 0.346902 0.983400 2.038158 1.159148 1.366757 1.087275 0.317789
2.923527 1.090219 1.046654 0.914706 1.655984 1.213866 2.189363 1.139663 1.829311 0.187933
1.298803 2.462960 0.114076 0.451811 2.794934 3.169943 2.555652 -1.323069 2.646953 3.969978
2.896982 1.008456 2.938755 -0.005860 0.392440 1.236599 2.869300 1.292836 1.404182 -0.578295
-0.707725 3.360809 -0.137921 0.292173 3.602024 1.141149 4.419498 1.651553 2.486712 4.017040
2.637167 0.832489 0.839383 -0.408610 1.932705 0.825082 1.471064 1.442859 1.571392 1.738965
2.577125 1.525787 0.917413 2.101728 0.252382 0.777696 1.703335 1.342679 1.450336 -0.333178
-0.333334 3.083343 -0.083970 1.432619 2.205026 1.860923 1.131221 1.241445 1.895668 1.026825
1.984438 2.148158 1.264712 0.776342 0.993190 1.880257 1.450456 1.507467 2.323582 0.466080
0.972496 1.634135 1.014791 0.365275 1.293568 0.867660 2.953735 3.574592 0.081162 2.936277
1.981412 -0.976200 1.595111 1.842452 1.969443 0.909145 2.485642 0.856859 0.277335 1.814719
-1.679123 3.523124 1.150093 2.117776 3.699999 1.001733 0.682362 2.115705 0.389643 3.638165
2.130446 0.906066 0.505220 2.154546 -0.027466 1.770768 2.283507 0.533431 0.830768 1.252362
1.221724 1.850286 1.085715 0.936312 2.349988 2.928666 2.094509 -1.609830 1.950443 1.853915
0.883118 1.751975 1.273980 0.551822 2.231273 2.579681 0.635718 -0.335511 0.827150 2.522458
1.863192 1.855125 2.154444 0.335284 1.280329 1.247407 2.727945 1.180086 0.067916 0.276448
2.807780 0.433383 0.743893 0.908907 0.771614 0.741078 1.782765 -0.940442 3.603969 2.448867
1.942665 -0.265466 0.073104 0.784463 2.259523 1.577089 2.971704 0.792422 0.422538 1.058871
-1.018178 3.087561 0.270977 -0.131299 2.493912 1.304702 1.924097 1.580796 1.031608 2.008117
-1.470797 3.554570 1.367233 0.369091 2.066219 0.726768 3.403596 1.604084 2.436999 3.252083
1.997417 1.496802 1.282192 -0.585972 1.436042 1.560426 3.611703 1.643432 -0.377372 1.999781
1.653453 1.227184 -0.164853 1.429662 2.274908 1.792851 2.377261 0.173717 0.462212 1.750368
1.139471 3.112583 0.923398 1.348502 0.950353 2.353682 1.575976 1.790338 2.420768 0.198302
1.991180 2.780776 0.788424 1.088490 -0.214661 1.313818 2.205504 0.898186 -0.368056 1.955691
1.750466 1.233127 0.201432 -0.647583 2.590915 0.901449 1.934307 1.504278 0.559065 3.192961
1.837788 1.717772 1.208810 0.751725 1.813164 2.227517 2.648783 -0.392729 0.899300 0.517953
-1.071660 3.650984 0.434517 1.352240 1.785119 1.227433 0.691313 2.686029 2.085384 2.843855
2.993480 1.591043 1.626802 0.782445 0.812445 0.612225 1.471068 1.406564 1.914501 -0.764508
1.309559 2.340825 0.551213 0.659927 1.271463 2.794471 2.122847 0.574064 1.327399 2.587925
1.586135 -1.398029 0.465950 1.595069 1.462142 0.631089 2.666100 1.260580 0.995666 3.295515
1.986295 1.853125 0.852975 1.463982 0.247651 0.738369 1.755664 1.508129 -0.177559 0.939977
-0.274290 1.877885 -0.425640 1.287278 2.215287 0.841495 0.320329 2.539936 0.102146 3.294069
1.681604 0.803037 0.213284 0.978506 1.638299 1.288083 2.443963 0.657627 -1.019243 0.729219
-1.564960 2.727005 0.602161 1.652813 3.043511 -0.026551 2.008513 2.482906 2.254297 3.022012
1.482504 0.767845 0.316566 0.820964 2.250364 1.561060 2.764573 -1.144601 1.129674 1.092516
1.674924 1.865593 1.105840 0.598686 1.650719 3.100179 2.258877 -0.412841 1.841595 2.577370
2.903914 1.874744 -0.959687 1.460499 0.193698 1.690367 0.950621 2.092647 1.807720 1.949176
0.359943 2.118099 0.397693 -0.398256 1.434926 0.994555 1.150694 1.464320 2.373158 2.286668
2.317554 -1.824795 2.123345 0.598933 1.106174 2.057227 2.235031 1.517930 0.365958 2.081927
1.374257 1.884461 0.732684 1.391759 0.101006 2.255208 1.870102 0.605806 1.230870 3.109281
3.118860 -0.521278 1.549180 2.713860 2.419394 -0.448945 1.826171 1.541466 1.521665 2.538947
-0.083280 2.492526 0.667801 0.738670 2.399363 1.704021 4.090319 1.868421 0.585769 1.790571
-1.077790 2.582403 0.613181 2.505087 2.671916 0.781088 1.468548 2.184797 4.156744 2.374250
2.670585 -2.205679 0.289740 1.906649 1.663396 0.771258 1.587694 2.622540 1.906876 1.578874
1.606620 -1.101561 -0.074995 1.177618 2.240421 2.075218 1.129411 1.412411 0.674340 1.997892
1.160311 1.493388 0.487454 1.565797 1.415537 2.768210 2.911819 1.111023 1.537521 0.393685
2.550079 -0.819871 1.045731 1.349047 1.590431 1.779482 1.633966 1.386618 1.614276 1.538576
2.930864 -0.739147 0.513683 0.424781 1.416331 2.340584 0.507219 0.958505 2.028274 1.976084
0.009356 1.101956 -0.155636 -0.420736 2.863250 2.073761 2.088067 2.154794 0.946252 2.308740
2.606830 0.348799 1.430065 0.871472 1.869731 1.159986 1.085972 1.676960 0.830547 -0.451241
-1.460265 3.591896 1.123026 2.242259 1.315546 0.709800 0.769457 1.992681 1.744180 2.836665
1.582415 1.746666 0.728542 0.019551 1.302019 2.099869 2.305605 0.446890 1.770525 2.132006
2.208187 0.943691 2.060926 0.651174 -0.233592 0.708240 1.569601 1.778533 1.155261 -0.502877
2.573125 -1.994674 0.593498 2.319255 2.626165 1.213691 1.617287 2.667361 2.565941 1.273240
2.350862 1.124630 2.517983 0.455315 1.026343 -0.470071 1.688690 0.271667 3.530586 1.237983
3.813417 -0.305596 -0.262507 0.979771 1.604110 0.357430 1.615694 2.563447 1.598285 2.347303
2.350756 2.661322 1.439368 0.986639 -0.142176 2.031756 2.389321 0.938688 1.424984 1.708810
2.053544 -0.470682 -1.201772 1.040925 0.582260 1.740587 1.651316 2.171109 0.962910 2.621934
1.703060 -1.687656 -0.415898 1.657894 2.042194 0.653910 1.518699 1.471860 1.022430 2.804745
1.712671 -0.796583 -1.404366 1.467822 0.937138 1.502938 1.409921 1.403999 1.047451 2.406857
3.121722 1.686761 1.241581 0.733722 0.252623 1.211650 0.482970 1.650738 1.331039 0.031201
0.372402 2.721579 0.430763 1.323505 3.229457 1.585686 1.337180 1.668132 1.136272 1.537580
1.665131 1.065356 0.453413 -0.089924 3.654047 0.171667 1.149282 1.770338 1.126573 2.687451
0.302500 1.073102 2.446208 -0.309949 1.361859 0.150481 1.974446 2.013537 1.660895 1.294952
1.847053 2.046638 1.462299 1.019280 1.157104 1.937427 1.760669 1.360807 0.877531 -0.783408
2.265933 -0.444545 1.146650 0.837012 0.842383 0.777235 2.011828 1.516332 0.579710 0.982234
2.046764 0.800251 0.434707 0.066456 2.009265 2.378317 2.549494 -0.210728 -0.204599 2.455848
1.824090 0.544603 0.388238 0.640488 2.889926 0.542066 2.714788 1.552169 -0.657631 0.915795
2.368714 -1.223862 1.121872 1.559351 1.116620 1.586177 2.233937 1.365739 1.529354 1.943849
0.047047 1.531134 -0.941281 0.638547 2.733063 3.021264 2.666282 1.279239 2.586492 4.784543
1.149124 -0.583302 -0.121566 1.409097 2.130699 2.290052 0.956163 2.306497 0.169828 1.491714
0.662838 2.434540 2.542720 1.162686 2.026126 0.571187 2.180201 1.403140 1.862867 1.620973
2.017865 0.372663 0.604048 0.832359 1.184676 1.396146 2.014396 1.377934 0.549119 0.376124
1.918938 1.764344 1.365114 1.342096 1.980419 0.486256 2.956048 -1.151825 4.176670 1.605085
1.384913 2.738402 0.672367 0.760178 0.250167 1.383962 2.148511 0.126360 2.587337 -0.185663
1.316465 0.335804 -2.000801 0.723942 2.735213 2.291254 1.403199 2.526019 0.074926 2.272167
3.824551 -1.008562 0.907959 1.660007 1.828489 0.195956 1.045425 1.399685 2.963078 1.784207
1.676724 -0.444615 0.834371 1.142726 2.772626 1.325868 2.830453 1.988649 0.744076 0.940278
2.040947 -0.651412 0.859772 2.400823 1.082816 1.722692 1.992190 0.358284 0.888654 2.414162
2.420536 0.993939 -0.216116 0.926042 1.502405 1.417191 4.159209 1.361744 -1.054685 1.533037
-0.552929 1.718722 0.483447 0.384882 3.549115 2.281397 1.985708 1.893340 2.588620 3.171918
2.183648 1.888473 2.142554 1.824773 0.598889 2.319490 2.846867 0.625611 -0.052865 0.333774
1.627102 -1.328072 0.467514 1.984150 0.613694 0.550063 2.575388 1.396881 0.602295 2.251322
2.200763 0.099779 1.222285 1.193181 0.645506 2.220489 1.632437 2.168862 1.772868 1.267274
1.512792 2.378471 1.331677 0.460745 1.619659 3.311944 3.113270 -0.998700 2.456672 2.358832
1.346946 0.244664 -1.691173 -0.563270 2.488659 2.210169 0.611507 2.665032 1.026592 3.238031
1.280582 1.634062 0.032724 1.081827 0.141742 0.609719 2.306746 1.353620 1.501614 3.117969
1.434138 1.374412 0.820771 1.852330 0.963348 2.574013 1.824447 1.510842 2.318044 0.470753
2.284405 1.294975 2.329310 0.554881 1.498399 0.768429 1.901793 1.649587 2.882408 -1.449949
1.280626 1.002844 1.646630 -1.646093 2.153419 0.508215 3.073338 2.567492 0.396461 1.321783
2.022183 2.193349 1.134458 0.528537 0.664018 1.852724 2.047386 -0.719365 2.154484 2.103934
1.055287 2.941226 -0.397604 1.231639 -0.222476 2.943808 1.850764 2.426494 0.697188 2.608204
1.717808 1.719583 -0.035262 1.872829 1.549835 1.929208 2.257005 -0.100056 2.185482 0.476718
1.559723 2.375155 0.022683 1.846966 -0.522482 3.474293 0.069399 0.538169 2.573523 3.005651
2.191098 0.836416 2.224639 1.081675 0.941794 1.495797 1.867795 0.912015 1.265323 -0.807932
1.187906 2.170677 0.262085 1.099430 3.655180 3.311268 1.454936 -1.443815 1.982708 3.132536
-1.058610 2.209474 0.473474 2.135521 2.038105 1.605997 1.025978 2.077630 3.619622 3.705380
0.836835 3.569989 0.987905 1.908272 0.598937 1.765575 1.193776 0.589889 1.101856 1.457425
2.063753 -0.491011 0.151594 0.551330 0.701719 1.584754 3.238680 0.937818 0.465876 1.967003
1.919409 2.671971 0.216321 0.902823 0.715709 2.913152 1.961312 0.970931 0.748655 0.682559
1.737941 1.830137 1.440023 1.276118 1.562121 1.301390 2.283628 -0.550700 3.603691 0.829072
2.107273 1.657690 -2.437874 0.676665 0.664754 3.139895 0.528902 2.744340 0.343898 3.031020
1.842358 1.415048 -1.855828 0.143466 1.464374 1.724768 0.073672 3.099157 1.288296 2.514945
0.536279 2.078297 -0.740623 0.840526 1.328264 2.506231 2.249514 2.404651 1.861381 2.314744
1.834097 0.698137 -1.533560 0.183382 2.337624 1.969600 0.805880 2.659931 -0.601356 2.111483
1.515793 1.494889 1.689331 0.526016 1.474077 1.783260 2.369133 1.357048 1.764111 -0.377296
3.531322 -0.444766 0.335912 1.618336 2.369441 0.867630 2.195604 1.237440 2.287446 2.070063
-0.700027 3.936699 0.427876 0.970558 2.417550 1.322734 1.452361 1.876592 2.072798 3.248933
0.685621 1.514424 -1.669053 1.311089 1.235390 1.362673 2.196105 2.086767 1.945814 1.690421
0.707104 2.714154 1.648331 1.752060 2.402424 2.145586 1.638792 -0.480352 1.858143 -0.352297
-0.526672 2.796846 0.857448 0.073213 1.349960 1.898287 2.703607 2.026343 0.949229 2.695345
3.258530 -0.614250 0.083919 1.717368 2.754740 0.164141 1.050554 2.680012 2.110652 2.463610
1.403163 1.018234 -0.255617 1.070578 2.616733 2.738695 2.241589 -0.369504 0.520201 0.727280
3.468386 -1.611140 0.526862 1.401524 2.691102 1.194553 1.247688 1.596406 2.707095 2.786018
0.118471 3.498258 1.174365 0.846644 1.596600 1.506845 2.437021 0.538076 2.195752 2.370564
2.473014 1.688604 1.364295 0.152101 1.121220 2.593260 3.013349 -0.955018 3.227371 2.991255
-0.148322 2.022369 -0.404722 -0.023199 2.104732 0.796424 0.162518 2.920010 1.415927 2.998977
1.938554 2.661043 -1.379501 1.285021 1.850360 3.152583 0.627602 2.827848 1.755101 3.285435
1.154189 2.255065 -0.150608 1.240661 0.734107 2.776369 -0.985884 1.803930 1.344592 1.463752
0.606527 1.750289 0.168087 -0.676130 2.619781 1.240561 1.863159 3.319572 0.511888 1.038583
1.400792 0.831186 0.530287 -0.774987 1.545457 0.880722 1.965572 2.271987 1.471476 2.732177
2.387956 1.131240 2.303879 1.610312 0.671329 1.458265 2.396117 1.610127 1.160556 1.140139
1.087480 1.968383 -0.714790 0.562366 0.994112 2.868207 1.719293 2.965647 1.629450 -0.681879
1.943903 1.506020 0.138234 1.873033 0.140239 1.788931 -0.063807 1.040182 2.080474 2.881883
1.758490 0.848647 -2.366719 0.756677 1.195061 3.328194 0.893147 1.751544 2.322677 2.391664
2.933291 1.187868 0.305728 0.799442 1.295191 2.203874 1.813680 -0.036860 1.942482 1.844267
0.912717 2.832354 1.295977 0.710625 2.337858 2.538666 2.800129 -1.660544 1.582878 2.674842
-1.650102 3.620805 -0.625924 1.576817 3.969196 0.804002 0.589351 1.652907 1.754356 4.087802
2.139699 1.931811 0.149452 -0.361621 2.289903 0.841155 3.259583 2.092522 -0.524634 3.157375
-0.912031 2.876200 0.470512 1.703626 3.366412 1.907514 0.627570 2.080136 1.061267 2.355389
1.894752 2.198174 -2.383463 1.147709 1.348330 2.603339 1.725742 1.950381 1.483057 2.997123
1.611057 1.386572 0.688512 1.057135 -1.052089 2.107293 1.763808 0.963910 -0.549865 1.131289
1.564215 2.021886 0.765377 1.320811 1.251116 1.561247 1.787185 0.095290 -0.501416 0.444600
-0.465246 3.569777 -0.246483 1.063252 3.329290 1.595278 1.654055 2.827668 1.324081 3.956194
1.690401 0.233351 1.421302 0.181397 0.688824 0.933611 1.729248 0.383340 1.953121 0.655207
1.169709 2.396146 1.444740 1.588966 0.970838 1.366339 1.280074 -0.442200 1.123877 0.567692
1.021187 3.237945 1.862851 1.618977 -0.320127 1.250214 1.527752 0.806824 0.927859 1.313629
1.375931 2.437869 1.379998 1.497729 0.637499 1.709744 2.138669 0.932445 0.914661 0.357113
1.830568 1.023179 0.143325 2.353170 -0.622475 1.411553 0.699721 0.472336 2.593856 1.413814
2.015803 0.497195 0.995638 1.658236 1.391337 1.838561 3.015195 -0.761654 2.304521 2.633965
-1.177281 3.067270 0.441411 0.773592 1.728978 0.891950 1.333606 3.029567 1.317987 4.817697
-0.400662 3.336330 -0.146500 0.049314 2.500261 2.117917 2.519270 2.674722 1.009282 3.691485
0.269681 1.687207 1.264100 0.572660 1.277034 2.171367 1.095631 1.128592 1.604492 -0.166225
-1.033922 3.710152 1.133761 1.179513 2.318842 -0.041880 1.692522 2.737083 0.862805 2.629025
1.037896 3.129698 1.331125 0.012585 1.602824 0.610360 2.351097 0.755003 0.962742 2.211374
1.389490 2.739848 2.012395 1.152766 -0.889352 1.929205 1.637605 1.275742 0.304215 1.180379
1.148614 0.804677 1.693068 -0.811373 1.070688 1.280232 2.453433 1.103739 1.608888 1.884854
1.063025 1.421167 0.664458 1.630649 1.262895 1.895861 1.159068 2.632498 0.778080 -0.478436
2.210428 0.036631 1.360182 1.947661 -0.225134 0.970960 0.626206 1.837621 1.238053 1.894084
2.503522 0.017742 -2.312600 0.940840 2.301951 2.621236 1.447402 3.095647 1.463605 3.074581
1.240497 1.379312 0.131606 -1.994661 3.254202 3.431324 2.975449 1.072530 2.875197 1.568312
1.142622 0.751748 0.157055 1.096059 1.886800 1.197575 0.074028 2.577266 0.835426 0.875644
0.845172 0.660969 -0.113878 1.258699 0.711322 0.238892 0.307310 1.422323 2.360641 3.061860
2.301822 -0.136175 1.618514 1.418168 1.672790 0.796288 0.692412 0.779692 1.996377 0.498796
1.595381 0.199989 -0.821178 -0.400366 2.318524 2.232431 1.600076 2.606958 0.192228 3.118786
0.431893 1.466547 0.865742 0.829201 1.640065 0.736736 -0.051630 2.915959 0.555190 2.195763
1.593600 2.795268 -0.087837 0.352182 0.813733 4.006919 2.824948 0.089449 1.705065 2.508723
2.954388 0.536170 0.577171 1.025678 0.559132 2.198920 1.919052 0.546775 -0.353648 2.629711
-0.725406 2.612322 0.865701 1.467818 2.786894 1.532747 2.363749 2.977299 1.150604 3.511192
0.553593 1.377496 -2.118924 1.187484 1.608113 2.469693 0.509509 1.724488 3.120704 2.312428
3.199275 1.151561 -0.757061 1.564313 1.849035 1.975339 1.025816 0.981339 1.525555 3.700073
1.679462 2.135789 1.172301 1.029951 0.762666 1.244416 1.843217 -1.059917 1.683785 3.242622
2.464505 1.243096 -0.173538 0.415146 1.567773 1.236272 2.044292 -1.012165 2.307216 2.097695
1.358466 1.353161 -0.217743 -1.064043 3.694247 1.679473 3.127567 2.106538 1.120370 1.355517
1.099169 2.981173 0.623330 1.939892 1.357661 1.139268 -1.053268 2.694308 1.785456 2.228553
2.338227 0.038403 -1.993643 1.047425 2.802711 2.491526 0.402572 1.632793 1.264184 2.960200
0.526997 1.816382 0.755178 1.716136 2.447589 1.021093 2.054100 1.713429 -0.848462 2.072418
2.100105 -0.070609 1.863509 2.679288 0.552531 0.232778 1.941643 1.734406 0.195682 2.209165
1.306035 0.483804 -0.163245 2.189244 2.393988 2.028458 0.725110 0.291486 1.422070 1.643663
2.080977 1.235647 0.606656 0.337305 3.614729 2.927213 1.389070 0.172315 2.397428 3.487004
-1.984769 2.950851 0.397671 0.417042 2.657759 1.875306 0.888605 2.464964 1.796663 1.866011
2.183713 2.054785 -3.124098 -0.017093 3.174168 2.877771 1.726203 1.489586 1.944153 4.207423
1.223116 2.019774 0.150135 1.802261 2.485800 1.879528 1.725504 -1.103376 0.917552 1.517787
0.893465 3.013150 2.117693 0.208536 1.332589 0.928349 2.190730 0.709153 0.435298 1.872674
-0.153460 2.453672 0.624375 -0.490811 1.268623 1.714334 2.277540 2.519345 1.400844 1.665351
2.487132 1.727489 0.756510 1.602941 0.821554 1.423100 1.263554 0.384483 2.193965 0.320270
2.388058 -1.245630 0.385531 1.612858 2.849739 1.585855 0.886530 1.598440 0.459958 2.279893
1.554416 1.481847 -0.609044 1.854695 0.748264 1.513631 1.268063 0.249474 0.812274 2.090714
1.049944 1.856994 -2.771442 -0.135007 2.035193 2.579625 2.105287 2.130432 1.718742 3.644107
2.308642 -2.032147 0.355335 -0.272589 2.116608 2.220487 0.839038 2.810534 0.241149 1.940189
0.989308 1.725907 -2.479994 1.009015 3.041938 1.701211 1.941747 1.472162 0.613703 1.948509
1.369821 2.078797 1.487107 1.633359 1.052564 1.712383 1.763600 0.581651 1.130929 -0.489223
1.175227 1.777675 1.916835 2.190856 0.506698 1.524773 1.576329 1.043641 0.384067 -0.402028
1.365840 2.059342 0.018261 0.760251 1.749187 2.604772 2.920434 -1.041596 1.709691 2.069664
-0.274923 2.226954 -0.652812 1.089870 3.136714 1.949348 2.061541 2.212105 1.910232 3.022518
2.105747 1.764434 -0.074214 -0.599119 1.012647 1.989830 1.954893 1.952255 0.971461 2.840760
1.553753 1.059314 -3.191507 1.389183 1.860817 2.547860 1.533287 2.349278 1.353645 2.072155
2.009690 1.806353 1.477452 0.607693 2.457883 2.732715 2.301688 -1.587422 1.295974 2.486422
2.024103 2.454616 -0.704752 2.548484 2.221756 2.454722 -1.362881 1.649074 1.490501 1.664952
2.035392 1.942067 0.502238 0.852059 0.239295 2.320389 3.090659 0.068633 2.626820 3.307396
2.225019 1.251800 0.823362 0.890307 0.193208 1.043028 1.977666 1.544068 0.847061 0.100539
2.617002 1.834147 1.245616 0.602432 1.083442 1.585883 3.039167 0.918048 -0.317981 1.833758
1.541848 -0.368488 0.515469 1.031432 0.894026 1.680391 2.144572 0.246386 0.499559 1.587618
1.823651 3.417313 1.002641 3.005883 -0.137472 1.532208 0.695314 1.852291 0.641317 2.714746
0.758908 1.788376 1.690270 0.406118 0.760087 1.120664 1.742175 0.236863 2.560792 2.047570
1.674215 2.028683 -2.536707 0.929877 3.266294 2.332593 1.838012 1.079398 1.625647 3.156984
2.389705 -0.566379 -0.178289 0.248128 1.757268 1.760664 1.193869 1.678157 1.858495 2.125957
1.722032 1.062969 1.074230 0.509236 2.658719 1.160804 1.053931 2.091726 1.852179 1.965677
2.444199 0.302455 1.520033 1.235682 1.379468 0.336697 2.546036 0.843839 0.103396 1.807837
-1.195992 2.648045 0.818526 1.082137 3.159178 1.841252 1.093556 1.983383 1.508349 3.395872
1.641636 2.906652 2.057920 1.316223 1.140968 1.688626 1.898518 0.819467 1.872091 1.850022
0.360391 2.740161 1.256864 0.380789 1.548960 1.850989 1.247309 2.076216 0.328478 0.564003
-0.038651 2.313598 1.484728 0.598897 2.522422 0.986758 1.911299 1.191571 1.692554 3.098145
2.245881 1.528227 0.812692 1.824990 -0.175932 1.366882 1.507434 1.465810 1.669161 1.781921
0.774483 1.952344 -2.500444 0.918078 3.417880 2.027794 1.425888 2.505167 0.049810 2.640897
1.005601 1.226461 -0.642920 1.038555 2.015259 1.556947 2.942070 0.346196 0.056370 2.268721
1.194163 1.787399 -0.553462 -0.490520 1.158413 2.428588 0.788273 1.824863 2.541517 3.180751
1.921794 2.359483 0.848501 1.347494 -0.248902 3.104503 1.383015 2.305511 0.884588 0.432477
0.416376 1.820088 0.875102 -1.023026 3.498438 1.954397 1.700226 2.118322 2.544863 3.805386
-0.079015 1.636319 0.935060 1.710872 1.633231 0.715313 1.818026 1.385566 0.320635 2.444036
1.353248 1.244701 -1.669222 1.509607 2.829201 1.783580 0.883245 1.929944 -0.285495 3.505901
1.998973 2.283658 1.385071 0.979630 0.419959 1.531778 2.414776 0.831627 1.288521 0.336336
-0.735360 2.926263 -0.178676 2.255447 2.432734 2.040430 0.202478 1.291996 3.203783 2.353431
2.402363 1.364960 0.056811 0.980737 0.813728 0.037743 0.034824 1.451511 0.895441 1.346474
1.508936 2.663134 0.663188 1.252285 1.783602 1.482058 1.293959 -0.280212 2.812528 2.150441
1.666068 0.416094 1.272355 1.794947 -1.102685 0.762081 2.819944 1.037784 1.421874 1.786260
2.221126 -0.804324 1.660494 1.176345 1.385609 1.255484 2.013973 1.392219 0.816762 1.249502
1.692942 2.453998 2.249433 0.477807 1.091020 1.498462 2.102094 0.992956 1.338826 0.076900
0.074102 2.681151 0.584703 -0.390895 3.905381 2.455280 3.152004 -1.164663 2.306297 3.166095
0.606006 2.782610 0.174337 2.065603 -1.179667 0.915555 0.995376 1.433388 2.028739 2.529475
0.354898 2.313247 2.440842 -1.890775 2.989916 0.331137 3.351060 1.864540 1.843371 2.017462
0.812772 1.977895 -0.949663 2.680627 1.137457 2.412995 1.373323 1.638021 2.016912 -0.104266
1.504067 1.732455 -0.706913 1.153920 0.449992 1.813057 1.409989 1.446997 0.221930 1.052351
1.541877 2.608012 -0.204635 1.048498 1.583321 2.112505 -0.508950 3.297970 0.509630 1.856239
3.276397 -1.117391 -0.123646 1.447497 2.881565 1.017273 0.832191 1.787020 2.348183 2.886140
1.969785 2.604720 0.378715 1.166179 2.134147 2.941811 -0.585125 0.601478 3.529369 4.392336
1.383014 1.189767 -0.493159 1.517724 1.000026 1.322016 -0.735199 1.768775 1.300365 2.391987
2.308037 2.126218 -1.184617 1.092201 1.967837 2.917130 -0.754078 2.358912 2.594312 4.390894
2.293232 -1.387437 1.749187 0.508505 1.249341 2.383534 1.240958 1.305793 1.202611 1.650331
1.191019 2.240289 1.840821 1.442280 0.489284 0.696687 0.983942 1.025323 1.389980 1.196670
2.819773 1.205127 1.720644 1.006069 1.024522 0.798864 0.637961 1.744096 0.040138 -0.689723
2.414640 -0.933606 0.943770 1.763596 1.409990 1.045541 0.744300 1.893784 0.055286 2.115604
1.553650 2.911006 1.091602 -0.828853 1.767120 2.014443 1.623033 -1.053509 1.708050 3.134071
-1.121680 2.956294 2.498017 1.334462 2.335066 -0.794620 2.226770 3.265836 0.971130 4.018567
2.331073 1.661444 0.955646 0.169490 1.100854 1.576682 3.337654 1.018917 -0.902163 2.849355
1.446834 2.062886 0.469540 0.800745 0.355072 1.671810 1.270143 2.082993 3.157824 0.461028
0.679301 2.500747 0.970199 -1.498217 4.182164 1.755515 1.664091 1.671594 0.999367 2.602426
2.333945 -1.138722 0.984967 0.187030 1.283106 2.368610 2.102198 1.466276 1.156767 1.907882
0.964675 1.475095 0.812099 1.889372 0.700779 1.327259 2.880083 0.698774 -0.372842 0.681788
-0.408949 2.829560 0.431150 0.260419 1.366991 1.076142 1.669747 1.388772 0.286203 1.617774
2.147943 -0.014695 -2.009172 0.521963 2.403709 1.947732 3.048263 2.673864 0.421052 2.864149
1.536960 -1.387321 1.084954 2.034195 1.383691 0.528176 1.333837 2.041326 1.019248 2.279973
1.713751 1.296780 1.808722 -0.625852 1.207544 1.438471 2.033380 1.336839 0.849663 3.134683
2.950503 0.388358 0.458393 0.102425 1.761350 1.683044 1.995255 1.018118 1.542400 2.338694
-0.011063 3.616374 0.547991 1.180067 1.011462 3.400656 2.964266 0.471703 3.348956 2.705186
1.987969 0.335417 1.353473 0.969728 0.351936 0.502074 1.379412 1.277878 0.825852 0.549649
1.916782 2.517871 1.534676 0.860176 1.716179 2.573965 2.031915 1.733965 1.881274 -0.830340
1.708993 0.990830 1.138112 0.899253 1.214802 0.466899 1.950947 1.247822 0.494422 -0.092363
1.048553 1.516692 1.681631 2.304702 1.068648 0.818979 2.282047 1.944431 -1.456693 0.952050
2.231054 2.101363 0.540637 1.620620 1.757489 2.338761 1.760523 -0.014688 1.479126 0.727688
1.985493 0.735863 -2.861841 0.620415 1.601764 2.199091 1.963548 2.090595 0.953333 3.357798
2.978601 -0.939207 -0.766710 1.474100 2.412400 1.528650 2.358605 2.067846 1.185468 2.068388
2.832163 1.128955 1.099320 0.094012 2.311374 2.805285 3.469142 -0.454302 2.129006 1.527837
1.044086 0.145171 -0.686315 0.426255 1.199540 0.924750 -0.106190 2.666513 2.304598 2.182659
1.162026 2.292471 0.865722 1.550152 0.443814 1.374773 1.923087 1.273278 0.537102 -0.234354
1.919425 1.705669 0.102980 -0.684432 2.488883 1.861299 2.077199 1.590522 0.578753 2.343754
-1.236565 2.948406 0.769227 0.876795 3.122027 1.220449 1.252868 1.780131 2.214879 4.457699
2.664319 0.496819 0.327164 -0.534580 1.641730 0.802412 1.852775 2.080266 1.006021 1.384485
2.446638 1.692367 1.380126 0.831428 0.770353 1.758501 2.997107 2.019545 0.291975 -0.382247
-1.457581 3.501880 0.276299 1.056650 2.743308 1.432765 1.688792 2.043208 1.893191 2.573015
2.254134 -0.941533 0.703363 0.623701 2.100177 1.913241 1.502046 2.202015 1.359392 1.517809
-0.919781 4.006058 -0.711293 1.602532 2.080446 1.449756 1.016495 3.784093 1.169359 3.463040
1.330719 2.256431 0.420608 0.506907 -0.790017 1.366441 2.678564 0.819792 1.369541 1.910557
1.580739 1.830559 0.788256 1.698442 1.490770 1.705525 2.338627 -0.379678 1.661202 0.503369
1.458985 0.973738 -0.379079 0.626825 2.836592 1.527077 2.678090 1.828139 -0.672783 2.510491
0.906468 2.288693 1.766844 1.033542 0.162799 1.953841 3.403861 0.276921 1.438823 1.118835
1.580842 2.415221 1.735826 0.750541 0.036179 1.577075 2.057262 1.559066 1.261968 1.740432
1.534327 1.460851 -0.069572 0.215372 0.828049 2.408232 -0.095346 2.489957 1.908718 1.621119
1.366407 2.504299 1.088014 1.914115 1.672347 0.747826 0.641482 1.251769 0.084214 1.046356
1.821283 0.571859 -1.487234 1.599699 1.778355 1.992955 0.999362 1.428906 1.490177 2.562238
1.281557 2.155811 0.351616 0.941820 2.907067 2.172132 3.263384 -1.119941 2.702384 2.424707
1.848978 2.088033 0.525690 0.604403 2.533998 1.490112 0.620009 2.210660 1.112036 3.451452
1.684147 1.038996 1.192535 1.782112 0.408549 1.386694 2.285240 0.735214 0.916864 1.801933
2.500526 1.286208 0.471046 -1.875466 1.526042 2.121836 4.055094 2.070026 -0.004632 2.340333
2.206433 2.336746 1.157802 0.851275 0.370618 2.199493 2.962517 1.194009 0.816440 0.104006
2.702423 -0.911876 0.737361 0.602104 2.331709 2.221204 1.511144 1.687476 0.934340 0.691065
0.402005 1.607049 -0.007523 -0.114558 3.321679 1.882148 2.520542 1.452863 0.645369 1.366658
1.432238 1.439310 0.049553 -0.224738 1.194837 1.708924 2.233435 2.568931 0.476751 1.539817
0.976336 2.359729 1.063862 1.005042 2.584961 1.573175 2.343551 -1.082986 1.648463 2.892859
1.578189 2.741617 1.593935 1.225519 1.745834 1.588473 1.233851 0.815977 2.408720 -0.194414
1.730406 1.215412 1.735310 1.386092 0.987945 0.340980 1.923264 1.392427 -2.400823 2.117202
-1.125886 3.231748 0.176552 2.153522 1.721428 0.972395 1.146938 2.333112 1.902275 3.299990
2.011140 1.345310 0.642115 0.968775 0.938728 2.018544 2.193935 1.090225 1.497196 0.501481
2.420424 1.564500 0.711189 1.192506 2.044494 3.169123 2.194524 -1.485134 2.438095 2.078991
2.004879 1.195371 1.709676 0.967773 1.141438 1.963749 1.930159 0.963774 0.898168 -0.259444
0.964258 1.557746 1.349324 0.916060 1.223091 1.285824 1.348049 1.116705 1.844951 0.628821
2.155908 -1.320248 0.787221 1.442753 1.486713 2.180975 2.044096 1.447024 1.123233 1.827994
1.193319 1.450121 -2.470555 1.155164 1.691988 1.762174 1.221512 1.694204 1.432599 4.046271
0.513816 3.065386 -0.915553 1.717326 2.952671 1.879271 0.339358 1.379073 2.917340 0.781909
2.060825 1.112621 1.086283 1.905575 0.565210 1.523929 2.113303 0.683447 0.380789 2.137718
0.989763 2.715010 0.496110 0.687353 1.517259 2.133498 3.213692 2.307952 -0.698707 0.528572
1.879131 0.006902 -0.078794 1.052289 1.628459 0.738237 0.033348 2.787810 0.266804 1.876648
2.778266 0.181945 0.393563 -0.312630 2.963423 1.645436 1.769169 1.790688 1.004502 1.214754
1.183484 1.727720 -0.360199 -0.083228 3.739115 -0.303048 2.948236 1.534185 1.834307 3.977357
1.993295 1.807620 1.412550 0.374067 -0.591925 3.224473 1.051435 1.501004 1.477433 2.390645
2.236924 1.242137 2.058351 0.508505 0.139404 2.287270 0.950926 3.123373 1.706129 0.005153
-1.061010 2.442760 -0.602755 1.643951 1.251687 0.911846 2.029771 2.101190 2.537177 1.694262
1.070497 1.354582 -0.336714 0.588335 1.539467 1.115282 0.618635 2.993522 1.203995 1.498486
1.725388 -1.556893 1.277196 1.373574 1.460771 1.080627 2.166273 1.190645 0.149227 2.314804
2.074978 1.881049 0.198020 0.463921 1.318137 1.024189 -0.318638 2.076819 1.825380 1.696383
1.907273 1.393593 1.560411 0.916137 -0.359589 1.149908 2.290553 0.856833 0.165732 0.734026
-0.348331 1.281129 -0.162638 1.622882 2.273987 0.123390 0.810285 1.070109 2.462324 2.327637
2.024729 -1.291793 0.347468 1.854155 1.340834 1.932415 1.989659 1.444457 0.877759 2.636185
3.375616 0.842732 0.083214 -0.118925 3.133115 2.824054 1.726902 -0.383256 1.833820 2.007084
1.297503 1.147274 -2.604817 0.362670 2.372354 4.002474 0.863692 0.992493 3.111056 4.591565
2.043211 1.877443 0.696854 1.547432 0.499670 1.396056 2.238650 1.528255 0.997516 1.668413
-1.241169 3.819830 1.445836 1.147482 1.903327 0.937027 1.416087 2.563732 1.037256 3.098242
2.184168 -0.858755 0.876328 1.376567 2.151120 1.293704 1.839348 0.967677 0.394872 2.607688
2.473259 2.004602 -0.981999 1.403941 0.222133 1.701806 -0.945300 1.239049 2.386338 2.454955
2.851576 1.920329 0.345930 1.545794 1.585579 1.887334 -0.877526 1.685007 1.826635 2.563196
1.318308 -0.127262 -0.090647 1.285547 2.653163 1.305593 2.145039 2.775374 -1.973481 2.405634
-0.514977 3.089332 0.502636 1.834673 1.567373 1.397730 0.769649 1.458943 -0.235621 2.554931
2.475026 -1.269653 1.283727 1.526078 2.066072 1.675194 1.713789 1.582568 1.625733 1.227861
2.291416 2.357029 -0.208713 0.296630 2.458446 2.437610 2.664724 -1.820246 3.143597 2.290467
2.311392 1.759383 -0.879280 1.133103 0.712037 2.473112 2.176588 1.109314 2.815191 1.983189
1.199470 1.389333 -0.526721 1.987356 1.862725 2.290675 -0.338279 1.619736 0.587237 2.049832
1.476467 1.300766 0.151673 1.343239 1.842852 -0.619487 3.040215 2.287990 -1.371580 1.758448
2.010204 1.021881 1.002308 0.432997 1.037070 -0.764596 3.093106 2.383098 1.790920 1.360218
1.190787 1.087970 0.673927 1.172915 2.564137 2.046375 2.587665 -1.110400 1.871786 1.325221
0.721619 2.365764 2.383168 1.340004 1.765081 -0.026840 3.513469 0.981895 1.997825 1.986487
1.248506 2.148500 0.285094 1.168392 1.003355 0.528945 -0.793741 3.194476 1.470975 0.620351
2.839114 1.818264 -1.433097 0.440408 2.499288 3.388062 3.450556 0.615808 -0.153448 2.896303
0.789304 1.445336 0.898243 2.318383 -0.620434 0.925039 -0.088080 1.865465 1.016426 2.492078
1.087831 1.903618 -0.264774 1.102533 1.559253 1.300283 0.150123 2.609083 1.063596 2.597049
2.078176 1.897725 0.726980 0.807628 0.413922 2.586824 2.300410 1.151219 0.147517 2.166024
1.217788 0.181244 1.652172 1.891581 2.258542 0.475637 2.129714 1.786303 -1.051198 1.661289
1.612187 0.810908 0.140933 0.239260 1.112239 1.491852 3.259796 -0.139130 1.112962 1.248805
1.790593 0.873987 -1.178618 1.985612 2.456011 2.729060 0.744613 2.313859 1.232612 2.213178
1.728355 2.063575 2.107210 0.700559 -0.525253 -0.234479 1.506046 0.970501 0.714922 -0.569499
-1.055063 2.471498 -0.677525 1.385400 3.046096 1.799223 1.986041 2.093758 1.544124 2.939550
2.620249 1.446606 0.377108 0.066089 1.727487 1.879320 -0.150133 0.178737 3.231122 3.244115
1.681251 1.847022 0.306674 -1.259170 2.509997 0.428271 3.642100 0.908800 0.781683 1.897419
1.185370 1.406797 -0.842462 1.792830 1.714718 0.715683 -0.831112 1.977685 1.277841 1.568762
1.967749 2.518492 1.049358 -1.233673 0.671077 3.158653 1.861455 1.039897 1.747390 0.247196
2.069076 1.105027 -1.817954 0.697966 2.950334 2.199635 0.749791 2.579125 1.036480 2.627489
1.425901 1.824247 0.121021 0.295084 1.672040 1.609900 3.073460 1.666930 -0.054452 1.204596
2.424683 1.390184 -0.438818 1.055645 0.969367 2.260424 -0.720876 1.901452 0.531215 1.182002
0.668826 1.748210 -0.175265 0.753631 2.118762 1.083690 1.065182 2.205036 0.087986 1.693092
0.539047 1.739590 -2.468720 1.380854 2.836381 3.396654 0.051318 2.157912 1.610573 2.151093
1.780816 2.305802 -0.204862 0.756378 3.420641 2.950750 2.585421 -0.827915 2.680353 2.846968
0.984147 1.294838 1.919212 -0.474039 0.345427 1.498775 3.059612 1.077220 1.518419 1.271990
0.910748 2.842971 0.255894 2.487692 1.242196 0.870974 2.010672 1.444807 2.173648 2.590945
-1.231964 1.552153 0.831951 1.451095 2.813603 1.894633 2.020718 1.175916 2.330395 2.304354
0.727074 1.368036 0.603342 1.636266 0.680789 1.113188 2.539919 1.271842 -0.125381 0.480958
1.084655 2.501754 1.878320 0.535005 2.627400 2.020382 3.291050 -1.128563 2.677512 1.980891
2.040434 -0.552196 -0.587170 0.839662 1.232760 1.611611 0.312737 1.607312 1.401648 1.906627
1.341759 2.426749 -0.830293 0.838943 0.975035 2.225772 -0.639289 2.713690 1.816755 1.199855
2.915395 -0.425888 0.428601 0.545164 2.013410 1.314067 1.160102 1.827244 1.637059 1.738952
2.012335 2.399080 1.640398 -0.249537 0.021661 2.238913 3.499345 0.066004 -0.829896 1.778273
2.164688 0.195815 0.645539 0.059949 2.314698 -0.113300 2.276517 2.412377 1.338209 2.275725
-0.821652 2.849413 0.078618 0.992982 3.491940 1.685478 0.734212 2.820301 1.704002 3.081136
0.873258 2.224559 2.274098 0.982891 0.351829 1.558799 1.591296 1.756343 2.568066 -0.379586
1.477595 2.161208 1.043445 -0.241130 1.953107 -0.648075 1.533835 2.657216 0.887106 2.245492
2.575433 -1.687806 0.161477 1.796458 2.329043 1.336849 1.520633 2.597799 1.461481 2.299092
1.903897 1.656918 0.575800 1.171366 2.121109 2.200721 2.316031 -0.358643 1.232998 1.500055
2.329948 0.555002 1.610254 1.692397 0.249696 0.840374 2.118727 1.901945 1.144228 -0.272661
2.108609 1.872427 0.697389 -0.324548 2.762757 1.085236 2.532983 1.641072 0.228925 2.095370
2.224781 2.007717 0.036783 1.986129 0.789459 1.380210 -1.099217 1.288056 1.076507 1.179292
2.054383 2.701403 0.955940 1.134341 2.151592 2.248608 0.012639 1.465377 0.698220 2.526711
1.396192 0.866597 0.191979 1.563364 1.259851 1.364188 2.606147 0.647544 0.381853 2.849817
0.905277 3.391589 0.581590 -0.377824 1.969853 1.929608 2.109078 -0.124490 1.576319 2.782538
1.738344 -1.799191 1.322145 0.983924 1.254100 1.333417 1.695831 1.547467 1.711386 2.389824
1.830504 1.260965 -2.261890 1.439217 2.897897 3.096356 0.738518 1.711103 0.904898 3.085385
1.600477 -0.872005 -0.169212 1.714133 1.293581 0.923465 1.065644 2.098905 1.688581 2.199751
0.275514 3.607061 0.604240 0.547999 2.133805 1.398556 1.813746 2.570152 -1.750068 2.243396
1.960364 1.346107 -0.770159 0.666345 0.859408 1.680908 -0.308312 2.462745 0.987447 1.855040
0.983465 1.320367 0.744170 0.774768 2.444422 0.490140 2.283230 1.933170 0.987374 1.305997
-1.148922 2.702661 0.285042 1.539421 2.601773 2.266547 0.981448 1.620939 1.016574 2.478025
1.612786 2.267546 2.774548 1.064458 0.554132 -0.059607 0.515821 1.124549 3.438450 2.598187
1.654151 0.570319 -1.984707 1.067920 1.045254 2.406262 1.678071 2.061854 -0.134426 2.257481
1.842316 1.185561 1.350464 1.240261 0.928192 1.940068 1.786592 1.001796 1.626559 -0.258278
1.599102 2.164010 1.503203 -0.367992 2.219236 -0.080536 1.960235 1.623776 1.051938 1.322887
1.707947 0.676258 -0.335174 1.706993 1.139449 2.299752 1.589142 -0.211629 0.655579 1.471599
1.901631 0.662885 0.145422 -0.052174 1.353796 1.786432 1.512853 1.387609 0.446614 0.793339
2.361734 3.450475 -1.193904 2.305827 1.108945 1.150735 -1.103515 2.422799 2.288848 2.553573
0.949048 0.910459 0.534439 -0.662718 2.028442 0.491961 2.228618 1.531555 2.534984 2.987416
2.320719 2.064161 1.501808 2.401205 0.235331 0.017522 0.669596 2.648081 1.885822 2.103266
1.927268 0.218879 2.530672 1.474784 -0.815696 1.150175 1.231533 1.533273 1.404800 1.428546
1.862701 1.033724 -1.406040 0.648744 1.734767 2.244534 1.834848 1.259933 -0.107137 2.647127
-0.844342 2.076177 -0.605044 2.069434 3.935822 1.847496 1.891035 2.298435 1.162933 3.645860
2.411583 0.237843 -1.488016 0.490005 3.679713 2.284389 0.850749 2.327570 1.364388 4.184745
1.458613 2.013364 0.029314 0.081693 2.099460 0.723962 1.277867 1.694517 1.044384 1.880796
1.379267 2.545052 1.446810 0.788760 -0.028540 1.661517 2.845607 1.648411 0.208928 0.388461
-0.026107 0.325176 1.492646 1.617148 1.859727 1.056621 3.058558 0.748572 1.104287 2.178865
0.679380 2.043763 -1.666912 0.976696 2.081754 2.168830 1.808907 2.133961 1.148656 1.720321
2.855895 -0.491983 0.333070 1.809035 1.880854 1.031957 1.539602 1.878044 0.878531 1.980216
1.638170 0.797489 0.040104 0.305316 0.592025 2.071070 1.448003 1.562667 1.120692 0.830775
0.977316 1.341341 -0.139317 1.119674 1.688952 1.083298 0.907142 2.058423 1.512786 2.569288
1.683857 -1.439436 0.601398 2.362274 1.118012 0.567290 1.634582 1.776608 1.832377 2.046815
0.242758 2.618250 -1.001756 1.376019 1.688132 2.232689 0.649058 2.861742 0.597964 4.156433
0.421483 1.167029 2.240868 1.406910 1.246620 1.426607 2.769829 -0.766574 0.793576 1.955274
0.250787 1.931626 0.448121 0.474889 2.383928 1.483940 0.306003 2.385696 1.772632 1.349473
1.526631 3.050116 0.828037 1.274861 1.941756 -0.432086 3.060045 2.075886 0.140317 2.345901
0.487499 1.802207 -0.026188 -1.032923 3.041912 2.335540 2.779234 1.905031 1.465405 2.084465
2.706706 1.564577 0.047040 0.942672 1.169782 1.363479 -0.957719 2.089135 0.740956 2.440851
1.224525 0.062167 -1.760233 0.680274 3.524862 2.283398 1.101199 2.622612 0.203068 2.016073
1.350617 1.511523 0.352151 -1.272105 1.959177 -0.115832 3.191047 2.611382 0.222039 1.434445
1.572191 2.994618 -0.092538 0.948071 1.455036 1.223836 2.681081 2.060814 -2.025863 1.409642
1.078039 2.586958 -0.801394 1.321539 2.219252 3.255609 1.685010 0.451996 2.231027 1.506527
2.761650 1.700906 0.606027 -0.656209 0.820619 1.947219 2.623434 0.893691 0.812491 1.852130
2.469625 2.036635 2.495230 0.457219 1.352073 0.969452 2.124276 1.045795 0.852703 -0.997448
2.346746 0.558089 0.413653 0.762610 1.996710 1.604470 2.688593 0.832557 0.868124 1.044159
2.472596 1.585485 0.148248 1.517396 0.894520 1.391745 1.855200 -0.145282 1.155487 1.267555
-0.384449 2.564444 -0.412547 1.505258 3.057282 1.841031 4.058600 2.923373 1.099990 4.176894
1.920438 1.084305 0.867914 -0.732193 2.079273 1.402739 3.243135 1.552624 0.763671 2.215741
1.958746 0.833388 0.544356 0.737154 0.804627 1.501893 1.920559 -0.428421 0.961155 0.374922
-1.843163 4.130745 -0.574691 1.574366 4.769478 0.985255 1.970742 2.748867 2.269412 3.727172
2.821842 -1.212325 0.967766 0.587573 1.623598 1.108297 1.631303 1.685224 1.387675 1.508487
3.031249 1.918766 2.774040 0.216573 0.513644 1.964509 2.538800 0.687892 -0.301407 1.107842
-0.013367 3.030418 -1.426042 0.593298 3.889596 3.342827 1.184989 1.131987 3.360054 3.134581
1.564962 -1.405066 1.115117 1.884876 2.180242 0.362801 1.229463 2.041630 0.197571 2.977268
2.893313 0.148563 2.289944 0.828947 0.785199 0.652110 2.360771 -0.440036 1.003814 2.168382
-0.776316 2.560433 0.850012 1.494899 2.379096 0.997330 0.636980 2.427920 0.862942 3.206806
0.102555 0.970360 1.581806 -0.863086 2.499542 0.281917 3.786004 1.732405 -0.065010 2.437349
2.780613 -1.524749 0.019191 0.645281 1.290404 1.421325 0.878215 2.595809 1.337701 2.191848
2.145212 0.946540 -1.236461 0.039123 2.813008 2.653914 2.106196 1.964988 -0.330246 3.409324
1.619563 -1.534677 0.595565 1.893836 2.029065 0.790655 1.767775 1.890166 0.686081 2.239148
1.607109 0.784334 -0.195653 1.906775 0.242551 0.977432 -0.051328 2.091547 0.688690 1.176552
0.883505 2.805143 0.180254 1.588232 1.160030 1.569863 1.767495 1.170279 2.252441 1.400146
1.812487 0.669112 1.246436 0.226095 1.135169 0.999898 1.621860 2.587787 1.064769 1.320721
1.668589 -0.942712 0.089066 0.932911 0.557250 1.444476 1.948681 1.082584 0.783424 2.885422
1.924511 2.036596 2.631448 -0.277514 1.346350 1.534136 2.535842 -0.254597 1.752665 0.676545
2.258600 -1.445753 0.793253 2.128665 0.894045 0.846389 1.427431 1.943437 0.585240 2.303791
2.008416 1.318857 0.770682 1.106363 1.303975 1.799831 2.302009 -0.654225 1.662892 1.023915
0.987147 1.928643 0.770566 0.889019 2.609055 -0.382243 1.920907 2.309443 1.982653 1.664184
2.664730 0.846421 0.169922 1.205634 -0.397140 1.557649 0.756090 0.968692 1.294124 0.637356
2.503195 -1.667388 1.489701 1.965880 2.151768 1.077752 1.570686 2.331222 0.350730 1.216479
0.939403 2.663025 -0.691734 1.581229 0.227772 2.579765 1.431930 1.964349 1.385666 0.631652
1.652907 0.980197 -2.683896 2.131616 0.947518 3.488163 -0.387991 1.396595 0.965507 2.557444
1.759728 0.880401 -1.147218 1.097253 2.708602 1.660575 1.705949 2.755126 -0.624296 2.891411
0.240990 2.108462 0.665618 1.603515 3.481792 0.732582 2.636077 3.067937 1.554365 2.452074
1.614666 0.922595 0.685600 -1.614404 1.680303 0.671743 2.385326 2.631929 1.556389 2.794267
2.823051 0.182163 0.799400 1.235774 1.756065 0.903456 1.194918 1.127895 1.045422 1.220432
2.509112 0.368943 0.949085 0.710244 2.272107 0.702734 1.168204 1.354397 2.795700 1.498696
1.928271 -0.626801 0.301504 0.733349 1.868194 1.905784 0.423267 1.428320 1.028881 1.276647
1.230974 2.771899 1.166920 0.764225 1.363938 -0.963178 1.013954 2.826578 1.417800 2.675857
1.475555 1.171204 1.332341 -0.495722 1.300843 0.294575 2.600290 1.482557 0.566969 1.480059
3.431195 1.908772 2.284434 1.201092 0.324037 1.705453 1.935121 0.800595 0.601337 0.946326
0.865468 1.155166 -0.591533 0.733706 1.814454 1.799518 1.721158 -0.888036 2.226865 1.055559
1.256820 2.470235 0.210381 1.338816 1.558000 0.290634 1.719693 2.766438 0.318570 1.727298
1.153447 2.148466 0.611428 0.536997 -0.628005 2.542126 1.586944 1.194187 0.949553 1.355841
1.931818 2.783064 1.074369 0.954433 1.818208 1.960118 1.959360 -0.723022 2.525048 0.911525
1.165379 2.011860 -0.519887 2.653867 1.092915 1.898447 0.124032 1.034035 3.248442 3.240045
1.283755 0.755045 0.773893 1.750855 2.238916 0.968445 2.989639 -0.833982 -0.172206 1.887871
0.696039 1.968666 0.220379 1.070765 2.305421 1.988923 1.495769 0.305210 2.138000 1.200701
0.721880 3.785797 1.521717 0.569128 1.633915 1.947738 2.542086 1.313150 3.140216 0.772680
-0.176322 2.831781 1.135011 1.819433 1.688104 -0.672802 1.173630 2.724541 3.404985 2.690036
0.976863 1.929922 1.859501 1.055254 1.417489 -0.095048 2.389471 2.236901 1.318989 1.278371
2.058743 1.975297 0.115644 1.484835 0.828376 3.371943 -0.589666 1.028098 1.621153 2.290542
1.439973 1.713151 -0.016487 1.183447 2.482491 2.649569 0.915203 0.685577 1.771873 0.958087
1.414463 1.668584 -2.589649 0.725607 2.259470 2.886263 1.521119 2.042450 2.090984 1.599049
1.914356 1.632622 -0.159977 1.325070 -0.185535 3.040639 1.809637 1.401504 1.945733 2.751691
1.689449 1.947333 1.405614 -1.173242 1.735420 0.644824 2.857057 1.441268 1.043394 2.227806
1.954929 1.516615 0.475903 1.604068 0.226561 0.646770 1.520009 1.813305 1.247704 1.542176
1.470808 1.824128 -1.850707 1.612916 0.756361 3.195583 0.047774 1.703355 1.995490 3.069877
1.073969 1.445911 -0.237346 2.514256 1.440145 1.270575 -0.819398 2.763597 0.705485 1.328993
1.212535 1.717562 1.330379 2.118710 2.137094 -0.442270 1.816241 3.322499 2.413667 2.528342
1.369464 2.088662 0.087807 1.697149 -0.163264 1.744840 2.436661 1.983418 1.260728 -0.032181
0.480240 1.436206 1.072883 2.564616 0.193243 1.926975 1.376031 0.472093 0.896447 1.513448
1.122531 0.265522 0.474477 1.762857 0.486560 1.243813 0.978457 2.014981 2.098229 1.828825
2.505225 1.912247 0.459728 1.604741 1.036617 0.841904 -0.873132 2.267041 -0.271924 1.703436
1.195071 0.967388 -1.630982 1.072743 1.462247 2.080516 1.969161 0.823819 0.836083 2.279447
1.422240 0.998311 -1.533692 0.453201 1.850033 2.666482 2.032958 0.424795 3.246430 2.670586
2.500304 1.460251 2.003951 1.361894 -0.843814 0.791722 2.093852 0.802193 0.071809 0.769871
0.806319 2.965956 2.233213 0.990018 1.280504 0.327425 2.810740 2.029836 0.076761 -0.300063
0.733460 2.969806 -0.592008 1.057655 2.436540 2.789862 2.899313 1.586619 3.772676 2.153121
0.229579 3.198348 0.181733 0.553651 4.100746 1.073118 2.565400 2.342160 1.170870 5.099922
1.844267 1.734005 -2.885175 -0.035573 1.701498 2.120327 2.628375 2.458001 1.626104 4.449956
-1.157288 2.123884 1.860076 1.072796 3.436629 1.410136 1.974101 1.464636 2.352565 2.615293
-0.283527 1.993814 -0.044446 1.888511 1.325387 1.440606 1.349820 2.704254 0.178946 2.059447
1.440516 2.529905 -0.871657 1.002403 1.553739 0.293001 4.012386 3.346158 1.672650 3.551796
1.267787 1.983965 1.626554 1.059877 2.831454 0.625300 2.193680 2.345133 -0.621500 1.373543
2.007868 1.067164 -0.380584 0.658069 1.999148 2.006447 1.833417 2.584717 3.020728 5.382557
2.058424 1.188198 0.965890 1.352291 1.245735 1.658425 2.301925 1.486645 0.786692 -0.230177
0.911903 2.784711 0.995138 1.477012 1.830000 -0.514949 2.550870 2.243895 -0.592419 2.100421
1.927050 3.714951 0.889975 1.708447 -0.128749 2.071734 -1.639604 1.196579 1.964657 2.811383
0.812279 3.299414 1.085015 1.321772 2.869864 1.731662 0.763444 1.118741 3.022338 3.517118
1.726460 1.285076 0.967580 1.471338 0.096438 2.357120 1.805578 0.723718 2.715885 2.550282
0.828289 2.290759 2.320594 0.993527 0.832331 2.517737 1.488730 1.770044 1.445866 0.300321
0.520654 2.446479 1.063578 0.480818 2.526550 1.573471 1.993136 1.988864 -2.776856 1.876879
1.191862 0.986912 -0.988910 2.054007 1.639883 2.197147 1.738984 1.413957 0.772273 1.872621
1.675390 0.665363 -0.365297 1.740160 0.098025 1.744677 0.624554 1.142061 2.016862 1.978090
1.239244 2.414166 1.226141 1.794982 -0.223155 1.641076 2.050116 1.650340 -0.778297 1.175181
2.038141 0.236967 0.541820 -1.034646 1.249919 0.346924 1.788030 1.857814 0.763930 1.663943
-0.484625 3.103887 0.299249 2.218962 3.474667 0.396988 0.929248 3.016795 2.307748 3.900314
0.305654 3.355483 -0.345298 0.021135 3.731313 1.340105 3.794018 0.079207 2.961490 1.291965
1.671862 1.214981 1.193971 0.951809 0.412846 0.083693 1.075096 1.914896 1.148707 3.839289
1.658181 0.907857 -2.889342 0.983905 1.821232 1.946210 2.138688 1.610512 0.619893 2.900534
2.318988 0.112951 1.002478 -0.106260 3.268851 0.702672 1.366323 2.465687 1.367235 1.466670
1.350930 2.447497 1.776552 1.176800 1.943064 0.740271 1.470675 -0.455007 2.630149 2.669469
-0.544036 3.093562 0.330404 1.834610 3.122977 1.324466 1.356413 2.274955 3.014305 4.229454
1.506424 0.518053 1.176333 1.315748 0.888856 1.470720 2.198887 2.004291 -0.280772 1.865309
0.566921 1.172036 -0.021373 0.759130 2.102911 1.897497 2.649484 0.018434 -0.049040 1.569484
0.935217 2.538043 -3.576027 0.999159 2.180375 4.232641 1.247014 1.979928 3.173911 4.244410
1.827914 0.229696 -0.279790 1.926141 -0.025655 1.115751 0.227876 1.718494 1.791336 1.520299
2.018643 1.329532 1.429487 1.697513 0.176201 1.505253 2.286056 1.440598 1.611588 -0.302375
1.594669 1.548981 1.392609 0.690624 1.370184 0.834174 1.069341 1.609314 1.567999 4.165372
0.215057 2.116610 -1.832606 2.353554 1.636317 3.363484 1.092709 1.995042 0.665665 2.799287
0.982611 2.503353 1.181261 0.438560 -0.749484 1.339319 3.129175 1.840847 2.335406 1.780715
1.380178 2.194759 1.039700 1.165416 0.852841 2.107000 2.098607 1.178624 0.994267 0.453668
-1.336207 2.728489 0.323844 1.930252 2.732419 2.404138 0.219415 1.926659 1.843470 2.345520
0.981156 2.158132 -0.745911 -0.323065 1.922942 2.751786 2.208986 2.605342 0.467705 4.617951
0.963139 1.084553 0.232607 1.059140 2.380894 1.853264 2.080655 -0.931271 1.299822 0.897481
-1.458468 3.577396 0.284459 0.555440 1.605107 2.266351 1.498062 2.024564 1.153084 3.077497
2.001723 0.587690 1.300455 2.059338 -0.282217 0.825617 1.868388 1.329836 1.652279 1.063775
2.318902 2.080245 0.626558 1.250468 1.871040 1.900629 0.806370 1.635044 1.227948 -0.354345
1.277577 2.541249 2.117093 1.259931 1.237153 1.140385 1.291077 1.663989 -0.188650 0.821790
-0.909754 1.452544 -0.131985 1.807787 3.813343 1.705868 1.900838 2.492066 1.508935 3.356357
1.615282 3.102515 1.335410 0.724848 1.404645 0.658979 1.797577 1.984982 -0.701995 1.080270
0.617906 2.368482 -1.723883 0.556917 1.598825 3.207110 2.021291 2.010541 2.833288 4.389074
1.237028 1.487197 0.461282 -0.565970 3.055482 2.518389 1.583077 1.605780 1.707835 3.483296
0.159160 0.765592 0.807868 1.742347 2.021916 0.945150 0.898957 3.059231 0.449000 1.505121
2.267415 -0.176835 1.329813 1.190591 2.244639 0.959635 2.516193 0.921994 -0.545675 0.970231
0.845607 1.448763 -1.057323 0.610576 1.346265 1.607815 1.022465 1.961948 1.080475 2.308996
2.006687 1.368638 0.552124 1.830162 -0.484963 2.629960 0.689395 1.315738 2.637267 2.597414
1.210679 1.532246 0.507025 0.362315 1.821667 -0.382124 1.363651 2.961769 -0.199777 3.117853
1.342480 3.119202 -0.018700 1.582381 -0.206573 1.718473 2.332310 1.286062 0.311923 1.351600
1.763629 2.204878 2.645353 0.224915 0.372321 1.086544 2.843442 -0.228498 0.966484 -0.336187
0.729640 1.945229 0.736233 0.515641 2.012294 -0.277495 2.139685 2.053812 1.484578 1.500407
-0.015551 2.679965 -1.806590 0.296882 2.601030 2.491504 2.794517 2.034294 3.184874 3.400361
0.600317 2.151147 0.378488 0.135422 1.305916 1.171280 0.751070 2.551551 1.630532 1.631595
1.098947 1.258178 1.306570 -0.330138 0.873652 0.585134 4.112463 2.048679 -0.854982 1.898958
1.032295 2.228207 0.387483 -0.582407 3.352934 0.619561 1.478832 2.377855 1.192271 3.412345
0.968656 1.136367 -2.604090 1.859694 2.189570 3.274618 0.115618 1.364131 1.404440 2.050936
2.088886 0.564708 2.212030 -0.169472 1.605429 1.216740 2.238278 2.298302 0.314281 0.162604
3.133686 0.922934 -0.396400 1.003447 0.894235 1.783424 -0.829086 1.575545 1.628159 2.010446
1.916009 1.736691 1.158432 1.508614 -0.840072 2.011163 1.260911 1.871308 0.837603 0.766179
1.463724 0.973018 -1.637912 1.923917 2.120044 2.199814 0.232548 2.567217 0.228308 1.593968
1.712423 0.276435 -0.448837 1.653619 1.662628 1.365951 -0.369006 2.237923 0.355915 0.802497
2.558401 1.852030 1.186790 1.094549 0.531547 1.643238 1.067346 1.612742 1.220291 -0.578667
1.830554 0.668354 -2.799745 0.811762 3.011869 1.580483 3.522883 3.457585 2.088739 4.518875
1.243550 2.028081 0.594654 1.457901 2.064801 0.977750 1.212714 -1.014853 2.804444 2.639518
0.899939 1.844721 1.103924 1.263908 -0.050953 0.765686 1.633510 2.038673 1.216919 0.973457
1.408233 1.332093 2.122800 1.999518 0.614574 0.577136 1.488180 1.207194 2.264068 3.492912
1.800103 2.080293 0.290626 1.118482 1.345267 1.183223 2.685619 1.545186 -1.237195 1.148055
1.600532 2.378918 -0.350466 -0.314090 1.897302 4.043530 2.348249 -1.063772 3.737682 3.427895
1.105442 2.240529 -0.780191 2.287693 -0.568452 2.641818 1.660526 0.621549 0.972787 1.662584
1.307227 1.210872 -1.838698 0.256166 2.818503 2.778914 0.663790 1.670860 0.624611 3.540359
0.350138 3.218679 0.440303 0.122285 1.017059 2.415944 1.368063 3.233882 -0.087370 4.025816
1.911528 -0.263875 0.609286 1.971435 1.525290 1.755794 2.007356 2.013657 -0.585288 0.659535
1.953931 0.940696 -1.042843 1.720416 1.060710 0.283390 0.283271 2.065310 1.016917 1.969946
2.021317 0.764698 -1.199781 1.100030 1.519506 1.467622 1.161446 3.002860 1.353630 2.417926
1.333990 1.407213 0.835999 0.302712 1.357011 0.714041 1.678728 -0.456219 2.273367 1.250734
1.324175 0.845055 -1.136701 -0.041046 2.548044 2.308349 2.747318 0.824291 1.235546 3.057406
-0.680312 2.262951 -0.155895 1.553082 1.947264 1.528756 1.815267 2.613512 1.091843 3.878635
1.723599 1.984824 -0.990528 -0.699252 1.288397 1.476295 3.101369 2.435012 -1.082416 1.826741
1.153032 0.804153 0.436870 1.216931 1.391086 0.587992 1.133634 2.613881 1.246619 2.037409
0.899287 -0.150192 1.704089 1.549685 1.246858 0.534905 2.546888 1.702725 1.687413 1.830441
0.634801 1.054183 0.438869 -1.060739 1.703129 1.372075 2.360232 1.796014 -0.875352 2.086864
0.005558 3.599039 0.086466 1.765942 1.544351 1.513053 1.032367 1.193143 1.509365 1.380306
1.365871 2.239071 3.351879 -0.491076 1.527798 -0.692065 3.711449 0.747800 1.392663 1.176092
1.131865 0.601412 2.381091 2.397725 0.265842 -0.102714 2.722707 0.005573 1.396816 2.175067
2.245855 0.511681 -1.753017 0.424247 2.897260 1.647278 1.058632 1.602276 2.140011 1.904032
1.727583 2.116273 0.686846 0.256597 1.213995 2.850740 0.420374 1.732025 0.774396 0.362635
-0.188849 1.632123 1.182883 1.083510 2.230736 0.977152 0.317260 2.712743 2.022114 2.147649
1.172057 0.760578 0.768894 1.181943 1.179202 0.380347 2.557049 2.407159 -0.840687 0.668687
1.543777 1.612293 0.692417 1.648070 1.274112 1.128104 1.979007 3.537670 -0.317923 2.815832
2.513802 0.672189 -0.143610 1.430154 -0.057051 2.314650 -0.503166 2.070558 0.774787 1.850005
0.550682 2.236281 -1.276312 1.754341 1.310219 2.314241 1.096779 1.517863 1.806902 2.899347
0.403656 2.306591 0.817777 0.925031 0.929559 2.120531 -1.450783 2.172270 1.834099 1.563918
2.949621 -0.457152 0.695888 0.817647 2.222601 1.775043 2.213742 0.210300 2.041451 2.585196
0.197064 0.846761 -0.571877 -1.391766 2.821076 0.764076 2.438614 2.644788 1.476286 1.461253
2.061328 1.530028 0.964010 0.389168 0.903769 1.069572 3.335402 1.982717 -1.972660 2.766088
1.657500 2.583651 1.932776 1.685541 -0.291562 -0.268060 1.626227 -0.136650 2.047894 3.993815
0.148959 1.641176 -0.211158 -0.236263 1.169569 0.948548 2.585251 2.007334 0.719901 2.654086
1.333382 1.973005 -2.240905 1.266820 2.917188 2.195223 1.754717 1.584548 1.724279 4.533062
1.557468 0.944074 0.657560 0.246661 2.065729 0.670550 3.356130 0.860631 -0.909109 1.491164
1.219833 0.830548 1.532064 -0.982314 3.059107 -0.439099 3.486350 1.490245 0.996866 1.685731
1.722449 1.472436 2.776515 1.161682 1.479626 0.670623 2.171719 -0.052257 4.545057 0.949811
2.145233 1.874193 -0.185564 2.310201 -0.006708 2.518616 1.002144 1.127619 2.690229 1.202805
-0.547476 2.583380 1.302288 2.987794 1.720730 1.980039 0.325783 1.624650 0.808459 2.983567
1.687856 1.175605 -0.194476 1.793434 1.770379 0.032885 1.479034 2.304345 0.862799 1.727017
0.790545 2.565690 2.269713 0.907480 0.462984 2.007432 1.954604 1.061453 2.015653 0.201208
1.841654 0.354769 0.546659 0.685570 1.873336 0.861320 2.550144 0.584898 0.782503 0.510313
2.411935 1.370555 0.073454 1.693262 0.472611 1.091000 -0.928364 1.362696 1.594526 1.996798
1.621575 1.999943 1.911502 1.189436 0.311139 0.977405 1.345123 1.211764 0.698707 -0.037251
1.037782 0.232727 -0.655184 0.093704 3.495078 1.515162 1.864446 2.633923 1.034246 1.620051
1.074728 2.449558 1.007968 -0.807345 1.483366 0.383641 2.667440 2.577272 1.192366 1.398414
1.017295 1.286784 -1.793235 0.051218 2.036219 1.266668 2.592457 3.589486 0.513471 3.703670
2.740300 1.829589 1.380756 0.670280 0.239771 2.211610 0.739717 1.407857 1.068704 0.360296
1.629108 1.032583 -2.069493 1.559268 2.191156 2.152020 1.385620 1.143301 -0.218347 2.171864
-1.464915 2.838018 2.104406 -0.084366 2.058918 0.778954 3.557813 1.228867 1.687257 1.702931
0.176786 0.781891 0.322187 -0.985625 2.498347 0.991970 2.338315 2.428937 0.996949 2.084246
2.605857 1.125202 0.574479 0.388610 0.630555 0.927637 1.066622 1.538123 0.468855 1.775024
0.834303 3.501714 1.471601 1.297030 1.019837 0.178043 1.248615 2.828370 -0.269989 1.620526
1.039422 2.031185 0.620613 0.321846 2.052440 1.232923 1.996186 -0.727508 0.229898 2.571590
1.413322 1.206897 0.819294 1.923073 1.141329 1.852164 1.542934 0.759142 -0.007618 -0.443146
-0.500510 2.782253 0.070045 0.070206 2.125134 1.490880 2.270076 2.708484 2.784268 2.224405
2.521309 0.552296 0.997885 1.498035 0.208662 1.843323 1.508044 1.016298 1.782584 0.093803
1.003827 0.496325 0.698787 -0.602792 2.491009 0.114712 3.465097 1.766978 -0.110146 1.478910
2.079165 1.641403 -2.428018 1.283163 2.340145 2.394176 1.455906 0.681051 1.364434 2.838386
-0.374942 1.963215 0.655290 1.483725 2.427108 1.474241 0.896303 2.493104 0.098717 2.273101
1.317692 2.426334 1.687485 2.406098 0.491101 -0.284251 1.733285 2.193056 0.744067 2.714075
1.619302 2.021586 0.224618 0.607163 2.440870 2.419083 1.496811 1.671986 -0.409177 2.653303
1.987747 2.481455 0.112782 0.372393 0.843103 2.266298 2.755515 1.256131 1.402971 1.049450
2.025919 1.043027 -2.623043 1.197218 2.202351 2.275477 -0.056449 1.948792 1.174886 3.153576
1.645542 2.040554 1.544387 0.973400 2.199078 2.898582 1.467253 -0.918554 2.802533 1.345656
1.635996 1.582029 0.933170 0.697293 1.300630 2.792511 1.488973 1.234656 1.221310 -0.862976
2.844637 2.896556 -2.253059 1.463066 0.688075 2.846085 0.093394 1.893895 4.277867 3.758520
2.187336 1.735138 0.882019 -0.056826 -0.465924 1.426655 2.562806 2.479263 -0.258635 1.762715
0.462528 2.574691 0.613226 0.422522 2.610135 0.352402 1.051940 3.020118 0.954629 1.199602
1.520425 0.405412 0.856730 1.093361 2.033478 1.095548 2.659054 1.090229 -1.821959 2.243223
1.262952 3.496766 0.007426 1.213152 -0.223834 1.490413 1.134987 0.623146 0.940486 0.886193
1.027725 1.740439 1.092762 -0.637474 1.080293 1.422531 1.661082 2.622177 1.840867 1.501401
1.528214 0.520353 -0.114931 -0.210706 1.687965 0.650791 1.797577 2.336524 1.354571 2.704432
0.145402 2.372603 0.106618 0.804756 1.245537 1.125700 1.238599 2.910315 0.481518 1.792729
1.121122 1.333595 0.158602 1.226323 1.557011 1.837973 -0.356014 2.296388 1.754521 1.777699
0.937208 0.615163 0.749626 0.622086 2.332713 0.923507 1.799264 1.138013 -0.809387 2.012719
0.734717 2.067032 0.650187 1.968518 2.044851 2.224101 -0.531936 2.670790 1.426755 3.198949
1.727051 0.814671 0.353861 2.305744 0.424186 2.138425 1.491808 1.637979 0.959065 -0.028281
1.763936 1.802139 2.005347 1.042099 0.479723 0.827331 2.689939 0.980288 1.407922 -0.888640
2.040253 1.046669 1.903303 1.206342 1.015378 0.189457 2.548931 1.333432 0.317861 -0.464343
2.085916 2.409512 -2.146135 1.007181 1.107703 3.132147 1.020605 3.277614 2.185008 2.014947
0.767897 1.963173 -0.655923 1.648612 1.537999 1.531755 1.000324 1.997521 0.201607 1.603638
0.652620 2.953745 0.016959 1.233775 3.513254 2.790719 1.094383 -1.236845 1.990955 2.044875
1.595811 0.091326 1.131974 1.275037 0.718790 1.414031 1.610735 1.500675 -0.046672 1.728789
2.913854 0.398775 -1.679502 1.188040 2.904504 2.065942 0.724751 0.991191 3.062037 2.834171
1.622486 1.465111 2.229883 1.083776 1.983174 -0.046729 1.522158 -0.137221 3.945915 1.324596
1.479564 1.644967 -0.049717 0.672037 2.678905 2.851119 1.798685 -0.675576 0.253849 1.165264
1.590727 1.141927 -0.903406 2.197789 1.580061 1.949040 -1.319629 2.127675 0.941112 1.697865
1.791858 2.797979 2.585813 0.190583 2.422208 -0.087648 2.755919 1.066081 0.941066 1.060825
1.456078 -0.190108 0.849336 1.462839 0.503735 1.050366 0.521962 1.826983 0.243319 1.879273
-0.934803 2.431331 -0.327962 1.315278 3.827099 1.292917 2.369472 2.893272 2.842378 4.369808
1.059907 2.170698 0.309325 1.424011 1.373163 1.238730 1.798296 0.273275 1.977727 2.243302
1.580011 2.464676 1.656061 1.027916 -0.472898 2.557404 2.654655 1.204532 1.380700 1.147901
1.448146 1.342477 -0.827418 -0.824054 2.806068 1.685614 1.524734 0.908789 0.841710 3.596112
0.904320 1.586733 -1.017198 2.660734 2.066992 0.945153 -1.832991 2.332236 3.226260 1.821562
-0.606712 3.946711 0.325059 0.941963 3.313360 1.757605 2.994341 1.966793 1.541510 3.024403
0.933834 0.925288 0.054213 -0.171806 3.668673 2.960736 3.013295 0.719701 -0.130835 3.462094
1.173872 1.587182 0.295691 1.958620 -0.522172 1.004483 1.327378 1.779682 1.173579 1.934097
1.120868 1.661769 0.513550 0.118638 3.422425 0.127388 1.299881 2.138424 1.482326 1.716889
0.872406 0.871980 0.893122 0.178782 2.020923 1.045839 2.723545 1.456668 0.134320 1.009798
1.244422 1.846729 1.367007 1.319704 0.082650 2.640210 0.893684 1.139942 2.280563 0.176533
2.011431 1.797299 1.626284 1.760041 1.216931 1.986695 1.871577 -0.287644 0.913414 0.195757
0.715556 1.213925 0.740378 1.321943 1.999525 0.089326 -0.235692 2.209562 1.243940 1.209652
1.231236 2.874555 -0.231218 1.177355 1.591547 2.556959 2.747212 0.407513 0.628396 2.114009
0.990969 3.046211 0.712632 1.590071 1.195605 1.855057 1.973486 1.732807 0.906549 -0.254309
1.289635 1.225176 2.020688 0.733492 -0.149363 1.459866 1.659674 1.499133 0.543622 0.844444
1.458289 1.664295 0.343930 2.088726 0.855728 2.138797 2.017869 1.026576 0.166121 -0.366850
-0.514299 2.587869 -0.214914 1.087432 3.236638 0.988189 3.045311 3.058396 2.349626 4.107272
1.113865 0.975839 2.233406 2.322515 1.714609 -0.990089 1.685905 1.060827 2.892488 2.755355
1.549050 2.859331 0.344217 0.535304 -0.549988 2.637484 2.218668 0.559720 1.081216 2.391502
0.673457 1.540313 0.706506 0.161996 1.917612 0.667716 2.135502 2.906794 2.136852 1.386795
1.251289 1.819518 -3.380496 0.737883 2.837663 2.098663 2.193486 3.345546 2.290892 4.272371
1.499917 0.895815 0.822321 -0.540637 1.934926 0.113467 1.102232 2.258577 1.128265 1.410093
1.401624 2.418681 -0.151067 1.307356 0.628667 0.764850 -0.445346 2.537689 0.217284 3.918221
2.412432 1.041754 1.356042 0.776573 -0.212426 0.092228 1.864779 1.540733 0.605835 1.489564
1.658684 1.426718 -1.468026 0.336154 2.142190 2.157448 0.563853 2.243037 -0.603848 1.629650
1.193104 2.489672 2.186550 -0.215196 -0.305923 2.399988 3.217670 1.786488 1.153676 0.546894
1.845100 0.888472 -0.282689 1.714780 1.333496 2.096618 -1.043810 2.656713 2.082869 1.752228
1.815064 1.886964 1.934393 -0.404125 2.717485 -0.116718 3.318259 1.303022 1.982737 1.708857
0.963921 1.539599 -2.414490 1.083002 2.577953 1.749686 1.331427 0.979308 1.187995 3.154272
1.641946 2.561907 -2.810977 1.506397 2.823465 2.839774 1.571041 0.445749 1.587722 3.642580
1.693934 2.389287 -0.321756 1.400610 0.252212 1.570235 1.984238 2.656194 1.475983 1.100397
1.996878 1.315630 -0.043948 2.226563 1.205779 0.579836 -1.739332 1.692993 1.455542 2.010503
1.371123 1.180892 -2.051502 1.395844 0.937686 2.078507 2.104423 2.048959 0.830579 3.100234
1.395451 1.590531 -0.019637 2.035844 1.378505 1.657669 -0.409263 1.310682 0.918892 2.188852
2.294892 2.030399 -1.297057 1.944001 1.025274 0.739343 -0.415051 1.565629 1.918090 2.965333
2.197886 1.294385 -0.471106 1.211898 0.017821 0.989765 -0.436120 2.331536 1.313411 2.438905
1.091896 3.315822 -0.707967 0.775301 1.246911 2.844308 0.901773 2.980789 0.005548 3.318467
1.478001 1.015977 2.412377 2.624948 2.119669 1.816889 1.940198 -0.809664 0.539821 0.894468
2.820018 2.387494 2.766729 0.821230 0.845193 1.482737 2.583052 -0.331152 3.775706 1.291529
1.498768 3.157953 1.230005 0.095674 1.830121 2.192577 3.206692 0.759400 -0.584800 1.771325
1.976718 1.492618 -0.219203 0.440868 2.383758 3.127620 2.577961 -1.182549 2.352895 2.770109
1.964847 0.905469 1.141255 2.165742 1.893487 -0.185561 3.040014 2.485829 -0.283105 1.081732
1.605555 1.256182 1.806497 1.251346 0.479853 1.170399 3.044096 1.317591 2.014094 1.519223
-0.085220 3.029264 1.385922 1.242175 2.123605 2.177803 2.414689 -0.314428 0.925007 1.202953
0.772076 2.720743 0.551844 1.867679 0.155685 2.499879 2.227016 1.124527 0.908846 0.691733
0.819522 0.754292 -0.663657 0.414499 2.216393 1.556754 0.460061 1.569716 -0.134273 2.094034
-0.415308 1.802418 1.777458 2.494619 2.730669 -0.655935 -0.381487 2.032361 2.788704 3.445984
0.864291 2.423982 2.677485 -0.004813 1.538267 0.617283 1.066459 1.993075 1.154975 0.571867
1.579273 2.421042 -3.742896 1.255628 1.785740 4.210667 1.845885 1.226298 1.893556 3.468075
1.677524 2.378236 0.617346 1.071872 2.873743 0.544306 1.761736 -1.451345 1.854698 3.734582
2.216219 0.142889 -0.239505 1.409464 1.127585 0.270712 1.761894 1.694320 1.803776 2.688178
3.204380 1.820473 0.943824 0.747473 -0.301083 1.201223 1.956863 0.153421 0.009524 1.399165
2.168758 0.922009 -0.603531 1.196977 1.050787 1.777998 0.074987 1.048503 0.505881 2.014655
1.441448 0.482488 -0.582816 0.685562 3.077688 1.406112 1.421428 0.980219 1.967484 1.453850
-0.469611 3.561471 -0.503816 1.285217 3.148664 2.700857 1.240128 1.946883 2.857334 3.557839
1.971583 1.039044 1.328767 0.121363 1.759525 1.364466 2.740693 0.537002 1.572713 -0.894571
1.334925 2.088811 -0.998378 1.221941 1.589416 1.963172 -1.093568 1.914139 2.305040 2.441442
0.660364 3.224235 1.180587 0.481845 1.851172 1.896907 1.212842 -0.014608 1.035132 1.506466
1.676440 1.042318 -1.413340 0.769041 1.559627 1.811277 2.657947 1.306737 0.975870 4.335722
2.120089 1.734708 1.917183 1.487292 2.040019 0.015473 1.793894 -0.198418 3.908472 1.225943
2.933098 1.895558 0.363565 -0.024086 1.479028 2.201429 1.596958 0.401430 1.468484 2.998730
0.261840 2.498986 1.332910 1.759266 1.534391 -0.325681 2.589489 1.362208 0.363687 2.701503
1.424028 1.919796 -1.800467 1.599725 1.119443 2.890462 0.936030 2.801164 1.318800 3.663071
1.806739 0.684888 0.735871 0.954463 0.479633 0.921549 2.572765 0.859002 2.468422 -0.587925
0.723648 2.037954 0.043865 1.936023 2.176117 0.901202 2.480400 1.501062 1.198126 1.156653
2.243938 1.829305 1.076278 -0.654925 1.172377 2.163553 4.099740 0.365367 0.017212 1.657362
1.315722 1.610611 -0.571841 2.023607 -0.330429 1.263206 1.511380 1.596870 1.875752 2.078369
1.862239 2.579002 -0.564663 2.338064 2.102866 2.409893 -0.555741 2.037126 3.433590 3.889829
1.742810 1.264961 0.782637 1.084860 1.274563 0.685378 1.811708 1.450597 -0.176492 0.524091
2.017213 0.769860 0.419125 0.499871 1.601237 0.406350 1.888515 1.835956 -0.039439 1.911622
1.760593 0.221088 1.358350 2.093584 2.348182 0.535733 2.753054 1.387778 -0.280242 1.746923
1.618204 1.225056 -3.470414 0.892804 1.302102 2.174186 2.278625 2.861088 1.872329 1.414727
0.867653 2.080132 2.062335 1.193903 1.440609 -0.575479 2.687470 1.308300 2.855317 1.742263
0.333231 1.443036 -0.692212 -0.518130 1.454542 1.570280 3.072611 1.553386 1.844338 2.175497
0.723753 2.404859 0.174601 1.437810 0.196874 0.811261 -0.614564 1.895216 2.478923 1.954800
1.060921 2.385623 2.104137 1.530929 0.725529 1.524499 1.824792 -0.014806 1.174517 0.967470
1.805059 1.339139 0.787061 -0.488295 1.259928 1.585862 3.399266 1.618794 0.032397 1.546649
2.793724 1.493336 -0.730537 0.891144 1.466949 1.927921 -0.548125 1.685630 0.354752 2.965211
-0.731660 2.407441 1.066637 1.260044 3.554203 0.690536 1.157455 1.522850 4.257680 1.983099
1.988298 1.858904 1.114827 0.644399 -0.157638 2.518721 2.185582 1.149389 0.954144 0.967945
2.378284 2.294594 1.361775 1.830907 0.868497 2.128623 -1.189407 1.544315 2.443705 3.138646
-0.484433 2.904073 -0.683341 1.535159 2.649323 1.800609 1.910241 1.844940 1.477165 2.607059
1.707097 2.288534 0.908748 1.464706 0.860126 2.734654 0.452919 1.406054 1.135548 0.537748
1.544784 1.453278 0.490633 1.201357 3.102064 -0.587372 2.319804 2.442668 1.214835 2.426378
2.693825 1.334862 -1.026625 1.895742 0.349097 0.817097 -0.675075 1.865386 1.487338 2.026864
0.928412 1.854334 0.421968 1.599419 1.491864 0.101441 1.983476 1.648178 -0.126717 2.435890
-0.284497 1.974028 -1.038039 0.372412 2.611620 1.990914 0.814010 1.124379 1.429058 3.579774
1.205231 1.243920 0.013476 1.507334 0.743865 -0.271577 2.303045 2.263643 0.527915 2.235384
-1.359086 2.540101 0.123585 1.091148 3.331678 2.108491 2.057942 2.347612 2.084920 2.954507
1.337389 1.125667 0.142038 2.198076 0.873524 0.448351 0.114978 2.614899 1.158363 1.906130
0.866341 0.613867 1.624798 -0.015053 2.540328 -0.252868 1.977298 2.886203 0.732431 1.089612
1.465660 0.965533 0.354688 0.491997 2.993412 0.330922 1.536636 2.979442 -0.233556 2.014682
1.426965 2.968509 2.067634 -0.011881 0.918081 1.005039 2.484256 0.987731 0.378905 0.494578
1.106952 1.380646 -0.193802 0.356177 0.310682 2.858099 2.270511 1.399620 1.001409 2.201176
1.207638 1.040082 -0.026157 0.667151 2.351071 0.178371 2.639977 1.844995 0.588678 2.258036
-0.849727 2.393034 0.596473 1.293862 2.492810 1.283957 2.529641 2.120518 1.695737 2.949563
1.691048 2.137252 0.035506 1.780313 1.321540 2.861550 -1.047878 1.975235 1.701049 1.610720
1.804841 1.818226 1.638547 0.682383 0.615471 1.640784 2.229633 1.725896 1.353622 1.336608
0.615150 1.718384 0.061366 0.715685 2.066414 1.703194 1.827521 1.910965 -0.495480 1.328368
1.116628 1.099196 1.438065 0.980779 -0.126031 2.337392 1.347099 0.781296 0.379774 0.144529
0.893671 2.616985 -0.923401 1.513181 0.559208 2.737848 1.467649 2.365099 1.472954 3.482208
1.447858 0.299409 0.306976 1.421962 1.074642 2.279493 1.700254 1.687847 -0.489092 1.830103
2.036141 0.967976 -1.985436 0.718250 2.166352 2.392496 1.063014 1.663298 1.037475 1.450247
0.111906 2.477216 1.695004 1.316115 1.716982 0.551821 0.951919 0.648858 2.803549 3.928482
-0.376300 2.656753 1.260144 1.373806 2.920036 1.604062 0.258297 1.564514 1.639646 1.499355
1.744638 1.295829 -0.807881 2.580615 1.383308 2.547637 0.337466 0.384163 0.296373 2.504754
2.054705 1.026353 0.776307 1.020562 -0.675322 -0.215047 1.636398 2.272388 0.969564 2.057973
0.762184 0.561259 0.217386 1.657359 1.003156 -1.234406 1.890526 2.647912 2.439912 3.642865
0.779478 1.554438 0.572805 -0.053420 0.223382 1.728391 1.594009 2.080343 0.682735 2.027121
2.894485 1.351949 0.802506 1.033449 0.711893 1.445884 -0.916291 1.939064 1.545754 1.993445
1.786549 0.888756 -2.563717 0.177010 0.564858 3.334539 1.691462 2.639189 2.633947 2.852687
1.553534 1.640172 0.743966 1.569072 0.949372 1.158148 1.989213 0.559240 1.406018 -0.305801
1.691976 -0.167856 -0.525545 1.649491 1.821225 2.350042 0.341754 1.253620 1.136392 2.358765
2.604428 1.566164 1.161518 0.501852 0.967310 1.308323 1.435901 2.549214 1.431373 -0.348391
1.302171 0.635522 0.621378 -0.230874 2.271401 0.940688 1.281989 2.081846 1.982712 2.080837
1.506046 1.061231 0.504753 1.413067 1.073336 2.037017 0.732322 1.862629 1.335622 1.079269
0.938570 1.582892 0.463785 -0.475598 2.239493 0.196136 1.823551 2.514127 0.266677 2.299394
2.761601 1.743412 0.815332 -0.631520 0.544226 2.170718 2.683574 0.796765 3.151907 2.641874
2.096301 1.602508 0.637592 1.290716 0.749169 1.150523 -0.709516 1.712696 0.938981 2.066850
0.463581 2.368317 -0.443712 1.323330 0.225442 1.077130 1.513093 2.330703 1.970114 3.120494
2.751311 1.112775 1.937325 0.682973 1.227490 0.639031 1.878335 1.597138 2.402222 0.943350
0.961758 1.907114 0.563752 1.147756 1.332283 1.734540 1.144350 1.103198 1.900168 1.189211
0.382663 1.351939 0.941565 0.834105 0.996081 1.782846 2.138124 0.763480 0.503481 0.547357
0.237945 1.206908 0.587739 0.218583 1.371668 1.464118 0.945174 2.699135 -0.615453 1.391117
1.144445 3.114144 -0.511275 2.019421 2.093780 2.199051 -0.039524 0.608829 2.094136 3.814005
1.784386 0.756897 1.379132 2.211871 0.578291 2.149455 2.145848 0.384641 0.719902 0.022488
1.806992 -0.324212 0.927423 1.226668 1.904820 1.759132 0.110227 2.460085 0.009370 1.149999
0.720608 1.266167 1.433413 1.016372 0.870818 0.180162 1.252885 2.728650 0.350575 2.736263
2.313077 1.913703 0.603831 1.955217 -0.000199 1.461390 0.908663 1.857374 -0.028493 -0.043892
0.761639 0.974464 -1.552169 0.779090 2.621149 2.900630 1.013550 2.627790 0.504950 1.575113
1.401286 2.866305 -0.260275 1.946188 -0.769460 1.565848 1.275472 1.702544 1.095294 0.754321
1.663037 2.120900 1.040554 0.615626 2.606550 0.784863 1.245289 2.128269 1.815750 3.451628
-0.449511 3.248115 -0.277106 1.574416 3.199878 0.381868 3.440256 2.899645 2.026422 3.002461
1.998395 1.030145 -3.035538 0.611379 1.937656 2.282758 2.448720 3.093692 1.598511 4.044928
2.619603 -0.056020 2.532037 0.576754 1.999069 0.589415 1.611682 1.792866 0.433084 -0.853850
-0.221653 2.361304 0.804599 1.343976 4.348447 0.229434 2.061520 1.131275 2.813127 2.916695
1.256099 1.897400 1.855845 1.057527 2.365434 1.145351 2.569780 -0.593750 2.614143 1.929103
1.350794 1.710497 1.573628 2.266862 1.597433 0.699220 2.583982 2.385566 -0.686124 0.508756
1.285214 1.533433 0.858039 1.878895 0.373675 2.343351 1.631602 0.613870 0.796584 -0.031048
-1.426187 3.383783 1.177484 0.541784 1.674029 0.804276 3.144618 1.822920 2.191481 2.113678
2.124201 1.157458 -1.920359 0.458388 1.768102 1.818371 1.002261 3.686759 0.661599 2.939723
1.480345 1.812904 -0.129626 2.254737 1.162604 0.557240 -0.683484 1.435274 2.148160 3.006343
1.718796 1.034656 0.686865 0.176030 1.378573 0.688627 0.907844 2.310036 0.582126 1.389082
-0.564937 2.913048 1.054583 0.972303 2.862125 0.838261 2.497476 2.152408 1.607343 4.181105
-1.067641 2.834090 1.003854 0.765948 2.731867 0.832318 2.684692 1.855525 2.470737 2.884962
0.549541 0.978336 0.482417 -1.225058 1.463816 0.682256 1.746851 2.375668 2.703092 1.721189
1.330257 2.199720 1.265429 1.214501 1.828033 -1.518958 1.793320 1.675267 3.159183 2.204231
1.509144 1.675425 -1.141837 1.404778 1.472663 3.410171 2.073253 0.847797 1.726424 1.887648
1.430535 1.318050 1.187372 0.409439 0.554912 1.234104 3.539384 1.866327 0.460337 1.544427
2.243490 1.064065 0.888561 -0.662143 2.303367 1.018426 1.001781 1.908621 0.934504 2.489219
-0.182997 2.444397 0.184246 2.260697 1.639276 1.825707 1.159318 1.958252 2.210097 2.125955
0.932203 1.232485 -0.134778 0.707721 1.733870 0.574454 2.694412 2.333605 -1.136882 1.029746
0.794563 2.478424 1.136682 0.353608 2.182272 -1.218804 2.918084 2.560060 1.430043 1.353203
0.307630 2.267288 -1.618302 0.429999 0.892972 2.346994 1.222118 2.814628 1.944416 2.676494
1.751362 1.094706 -1.562474 1.304631 0.019414 2.336584 1.833524 1.911326 0.872162 1.753606
1.461890 2.317637 1.934777 0.123256 3.004557 -0.375599 2.336003 0.850194 0.557250 1.374972
2.469966 1.891488 0.547468 0.179296 1.762456 1.256422 3.225832 1.355057 0.374157 3.288955
3.538162 0.691967 -2.309431 0.605208 3.140346 2.641249 1.854766 1.112898 2.792264 2.762542
1.604356 3.071090 1.109848 0.424099 2.124684 0.038172 2.975596 1.299976 1.067815 2.752876
1.687349 1.210703 -0.273603 0.726080 1.041056 1.034940 0.133843 3.276963 -0.312128 1.947742
2.471251 0.422216 -0.267786 1.544358 1.695939 2.270992 -0.483551 1.128482 0.973398 2.182812
0.880515 1.233464 0.025590 0.658177 1.779586 0.790200 2.283256 1.946392 -1.597496 2.034297
2.551824 1.393415 -0.651396 1.491153 1.769781 1.276965 -0.110022 2.867858 1.192230 1.626912
1.104381 2.277867 -0.656753 0.710558 2.819155 1.000069 2.482478 2.669160 -1.650607 2.333916
1.044359 0.395549 0.921811 1.419971 1.690161 1.565252 1.980583 2.249931 -1.341176 2.724437
1.212909 1.160818 -0.385486 -0.480416 2.321586 -0.775747 2.328993 3.377970 1.480774 2.700769
1.161100 1.853016 1.021572 2.611104 -0.376722 1.567098 0.386194 0.911028 1.834822 1.306868
0.429552 2.558960 0.628631 -0.290950 1.010216 0.636068 4.004012 2.906953 0.927618 0.999887
2.236618 -0.142404 -0.336924 0.095237 2.696985 0.572563 1.302464 2.453578 0.173242 2.013266
0.814890 1.969608 -0.655275 -0.311895 2.103654 1.734221 2.061903 2.297178 0.797214 2.085980
2.003191 0.005018 0.221868 0.992697 1.194379 1.849961 -1.619359 2.185347 1.643940 1.747933
1.302001 -0.113687 1.039796 1.171993 2.062992 0.905832 -0.141178 3.159871 0.574919 1.087502
0.123952 3.278248 0.316859 1.267730 0.318981 1.308995 3.861606 2.319874 0.595257 2.801873
1.704021 -0.449462 -0.671270 0.388708 1.220799 2.179309 2.257908 2.156554 -0.044341 2.299562
1.537507 3.601510 -1.303195 1.185581 2.078997 2.550548 0.049310 1.870482 2.841086 3.911788
1.172307 0.435780 -0.797824 -0.679204 1.516328 1.448984 1.991662 1.972990 1.484063 1.659882
0.449414 2.017632 -0.788118 1.043055 1.279188 0.505068 0.434269 2.712393 1.727975 3.188940
2.067913 0.217031 1.377674 1.667110 -1.185811 0.589321 1.793950 1.056326 -0.110474 1.716495
1.548228 1.135105 0.626284 1.100268 0.719515 1.606599 -1.151808 1.839710 1.514624 3.166527
0.953293 1.576690 -2.591124 0.787275 1.202674 2.212815 1.672044 2.392641 1.632541 2.414204
0.992603 0.675726 0.385620 -0.226126 1.475773 1.395406 1.941037 1.472271 1.995222 2.305622
1.885134 2.245951 -0.321252 1.770312 1.501386 3.196385 0.246933 2.994653 1.562743 3.438359
1.418937 1.022693 0.019867 0.648871 1.473332 1.667561 1.331086 2.195256 -0.726434 2.043019
2.576374 -0.684926 0.773045 2.043382 -0.413014 1.148780 2.000517 2.064560 0.632242 -0.021485
1.354582 2.197125 -3.344084 1.915620 2.025635 3.268669 1.960952 1.935044 2.877827 4.719120
2.092562 1.699464 1.076323 1.589514 -0.241012 1.705422 2.372043 1.574988 -0.811989 1.226058
1.563074 2.762939 -0.127965 2.013615 -0.464711 1.021240 -0.198423 1.913119 1.624319 1.851129
2.124206 2.128287 -0.190304 1.880367 1.419391 1.488650 -0.734264 1.319682 1.837808 3.261826
2.354234 1.905752 -0.798377 2.167975 1.174296 3.185779 -0.684190 1.489270 2.657472 2.920936
0.984494 1.471124 -0.301800 1.187736 0.130030 1.973268 2.009167 2.195502 1.677795 2.535474
2.247498 -0.170677 -1.420947 1.211058 3.199467 2.022319 1.091439 2.399490 0.934569 3.374094
2.017030 2.333876 0.174466 -1.394739 0.812230 1.070674 3.761213 2.263617 0.051898 0.888993
1.138892 1.196726 -0.202332 0.605813 2.130521 1.763193 -0.950151 3.287230 -0.289893 1.481616
2.060140 0.717692 2.551356 -0.667594 0.257449 1.130302 2.757178 1.327985 0.843052 -0.379032
0.684381 1.251417 0.998892 0.846583 2.345314 1.049738 1.894011 1.554779 -0.104381 -0.229997
1.453664 0.372890 -0.637716 0.597053 1.026319 1.866037 2.472396 2.788340 0.760000 2.896782
1.998026 0.703055 0.457545 0.215530 1.724915 1.730435 3.417349 1.209523 -0.051377 1.421610
1.500045 0.775861 0.102996 0.356423 2.015683 1.407499 2.635344 -0.159897 3.391799 1.255954
1.745578 1.433435 -0.559421 0.327463 0.122445 1.037030 2.304896 2.017033 -0.980840 2.950162
1.364978 1.290433 2.349038 0.338265 2.132662 -0.719474 1.390764 2.177398 2.737153 1.618034
1.921770 0.904736 -2.107907 0.644988 2.000027 2.678417 1.171304 2.499060 -1.173221 3.426876
1.665447 1.497846 0.628372 -1.185948 1.037846 0.552120 2.018099 3.492715 0.599739 2.729566
1.745017 1.898955 2.314254 -1.394391 1.343299 0.601522 3.617400 0.135470 1.294398 3.011883
1.905554 1.786900 -0.500817 -0.201211 0.255845 2.344006 1.804504 2.604676 2.170639 1.165214
1.399333 1.251316 -0.608003 0.176118 1.742761 1.928417 3.067078 -0.400186 1.727024 1.460908
1.720582 1.777845 0.104720 1.361581 0.858320 1.364236 -0.922853 1.522722 1.084015 0.907561
0.080663 1.866898 1.322521 -0.970487 2.914356 0.685930 4.220313 1.193392 1.479309 2.735686
2.617572 1.298959 0.319501 0.028664 0.950439 0.445450 1.454202 1.917756 -0.372128 0.855601
1.502318 2.230049 0.303999 -0.283616 1.612675 2.156800 3.099529 2.002795 1.357364 2.203597
1.194785 0.508797 -0.672715 -0.767834 1.281785 0.881836 1.808916 2.570527 2.955981 1.841733
1.411868 1.863339 -0.211285 1.412654 -0.005867 2.788845 1.651831 0.916864 1.037455 2.696303
0.573374 2.788390 0.952643 0.183178 2.932583 -0.906727 2.112272 2.227235 -0.126373 2.259754
1.030390 0.966604 0.121688 1.105790 2.372918 1.105950 0.507509 2.107522 -1.440285 0.995837
1.196906 1.264506 -0.448092 0.539204 2.345424 1.323805 -0.616258 3.450146 2.083549 1.099763
1.351382 1.938094 0.255279 0.966590 2.135429 3.443248 -0.475165 2.385207 1.833424 2.833880
0.962072 1.674215 1.612262 0.907377 0.982006 0.345443 3.070580 2.144699 0.205748 1.411639
1.465843 0.631038 -0.243392 1.551933 1.880985 -0.180629 1.132752 2.771791 1.252459 3.066744
1.311877 1.600721 0.773699 1.133201 1.631321 -0.276681 -1.173875 2.853182 0.822461 1.830258
1.335616 -0.441965 0.044861 1.263863 1.808556 2.408590 2.492308 1.135970 -0.392138 1.806748
1.770944 0.966808 0.775506 0.375624 0.071081 1.273819 2.807752 2.508430 -1.294635 3.455948
0.855135 2.042575 0.890876 -0.558016 1.319822 0.874890 3.994511 2.204200 1.240642 3.148678
1.653136 1.849031 0.602797 1.941797 -0.700245 0.954123 1.606793 2.056269 1.566613 1.442445
1.958606 0.360737 -0.070527 0.169296 2.519699 0.404578 1.385371 1.927345 0.270610 2.052587
1.037819 1.764328 -0.140900 2.366297 0.736166 0.786458 1.445759 2.549125 -0.468142 1.574122
0.862063 1.412721 0.314534 0.848828 -0.471770 1.054745 1.505224 1.372682 2.513327 2.426356
1.952769 1.559893 0.538530 1.966209 0.507728 1.804087 -1.203336 1.235973 0.912297 1.440249
1.261083 0.794627 -0.440313 0.646105 1.848955 -0.015203 1.768834 2.783602 -1.348402 2.618723
0.955850 0.731940 1.959402 -0.208165 1.763146 0.997273 2.689713 0.897023 1.629947 0.832944
3.127794 1.301182 0.844168 -1.123793 2.054070 0.644830 1.441124 1.415209 2.128262 2.884208
1.658439 1.768404 -0.784426 0.691013 1.328860 2.590892 2.606280 2.448258 1.193356 1.269291
2.087997 2.177318 0.821695 0.366897 0.530319 0.121421 2.797538 2.177648 0.510827 3.190000
1.876330 0.699635 -0.703839 2.204012 0.794370 0.798268 -0.107174 1.392289 2.436657 3.498373
2.441463 1.787690 -0.279411 0.892626 0.259176 2.637798 1.451144 2.144323 2.525607 0.086836
1.585452 0.877609 0.273804 1.239792 1.163319 0.893630 0.936946 1.636249 0.577964 1.576507
0.975590 0.973772 -0.591717 1.681649 2.469770 0.801722 0.247953 2.508165 0.888154 2.156050
1.378875 1.736108 -0.599913 -1.518543 2.624485 1.759019 2.487993 1.439964 1.328288 2.682523
1.262685 2.507502 1.725306 0.054377 1.994936 -0.215643 3.680581 1.235324 2.177915 1.702557
1.584263 1.775203 0.149569 0.214621 2.265112 0.141793 0.972450 1.561482 -0.132326 1.255141
1.069738 1.234717 0.807986 1.424992 2.347202 0.803454 2.432715 2.242163 0.388065 1.091006
2.009090 1.549495 2.229700 -0.138499 0.962281 0.275946 3.299894 1.265416 1.131852 0.939686
2.257127 1.393875 0.071246 0.573668 1.097568 0.847842 2.018821 2.754422 -0.079536 2.750024
1.702797 0.988835 0.838132 0.013704 2.611246 1.128803 1.857187 2.482388 1.204487 2.879638
1.018295 2.134084 0.659588 1.043888 1.121408 2.636043 -1.324617 0.979835 1.629920 1.695793
0.957632 2.160021 0.146245 0.923549 0.877965 1.975160 1.361442 2.091561 2.036180 2.027820
1.539928 0.699758 1.247711 -0.458302 2.481091 1.153237 0.345619 2.209344 1.203219 1.997565
1.288856 1.170348 2.398899 1.680112 1.663237 0.122385 1.882151 3.016733 1.923228 1.878360
0.913314 2.156678 0.612174 2.130286 1.948000 1.594685 -1.200169 2.473779 2.122949 1.688464
2.020966 2.693267 -0.151029 2.067427 0.331643 2.902819 -1.152860 0.665191 1.850713 3.108977
2.325879 2.464395 -0.216647 1.909013 1.962183 2.683141 0.632633 1.992843 1.888424 3.849352
1.083749 2.843698 1.070486 -0.087119 2.132701 0.599379 2.794854 1.975853 -0.385918 1.865320
1.124461 2.180279 0.576536 1.026391 2.750923 2.236567 1.175159 1.248658 0.310379 0.657420
1.372355 0.262315 0.318383 -1.186029 1.901304 1.739412 2.798643 2.220782 1.844358 2.196279
0.243405 3.024926 1.810606 1.113186 2.542012 2.115167 -0.624029 1.540231 2.983296 2.893182
1.743718 0.485133 0.968019 0.530589 0.798176 1.540030 2.859856 2.121425 -1.240024 0.980825
0.746990 0.817935 0.766976 -0.377022 2.246149 1.150441 2.847984 1.697976 -0.769716 1.255548
1.116737 1.061684 0.687641 -0.489023 3.106285 1.769290 2.025582 1.169409 -0.521126 1.556222
1.016806 1.024902 0.042755 -0.918574 1.750362 0.196974 2.281093 2.800735 0.565819 2.982622
2.498224 1.931690 0.070188 -1.719988 2.921329 2.200430 3.421504 1.853594 0.984566 2.710100
1.010050 0.699140 0.374726 1.490700 1.290545 1.388162 2.231957 1.898028 -1.112652 1.995423
1.511651 0.912481 0.456815 0.782314 2.220380 0.856309 1.589222 2.529971 0.917004 1.374958
1.581581 1.287616 -1.254338 0.548181 1.913606 0.910601 2.561179 0.859056 0.135031 1.820564
1.816080 2.706002 -0.605829 1.240663 1.903235 1.438405 -0.407589 2.254837 1.656135 1.654257
1.278092 2.044458 2.089388 0.058914 2.035774 1.554391 2.900757 1.160799 -0.240408 2.960989
1.418385 2.429586 -1.059832 1.731490 1.000072 1.887165 -1.513500 1.888121 2.533241 3.651080
2.305490 2.385738 0.287354 1.472871 1.409372 2.430322 1.068134 2.362609 1.549691 3.590726
1.777404 -0.065189 -0.338123 0.400473 2.490713 1.024101 -0.026831 2.506045 0.917940 1.748622
0.964029 2.002074 0.305368 0.370844 1.773089 0.116480 2.060807 2.709978 0.132144 2.706842
1.109220 2.886575 1.503771 -1.281899 1.507428 0.654168 3.558886 1.083252 0.874415 1.407642
0.720136 3.305165 1.254832 0.340690 1.618659 -0.356204 3.448000 2.459150 2.145893 0.377976
1.015741 0.796289 0.272086 1.912849 1.924083 0.897507 -0.358002 2.600504 0.903356 1.343188
1.051832 1.131359 -0.234824 1.921651 1.765157 1.225318 3.192437 1.645453 -1.884900 2.128647
1.714178 0.445703 -0.157339 1.073913 1.826310 1.973109 1.199346 2.203924 -1.566002 1.886062
1.559657 1.126058 0.018248 0.394317 1.590322 1.657373 1.105850 2.553341 -0.920284 1.594069
1.550397 0.817657 1.030450 -1.333274 2.405216 0.965403 2.227404 2.979863 1.689621 2.568008
0.663457 1.355684 -0.596859 0.631211 2.555489 -0.142147 0.640538 1.965040 3.565041 1.765001
1.168819 1.751678 -1.081872 2.071277 0.899562 0.386571 0.024809 1.555007 1.179986 2.558777
1.111273 1.972804 1.349162 2.648668 1.511053 -0.284716 2.062090 2.355207 1.023942 0.487071
1.625575 1.381774 -0.438394 1.383495 0.320333 1.120566 0.918955 1.444614 -0.180682 1.847105
1.861259 0.045249 -0.345775 2.142243 2.276976 -0.282195 2.317076 3.059473 1.705883 3.442857
1.850190 1.875867 0.946913 2.292054 1.326157 0.260466 1.835364 1.714024 -1.519721 2.597589
2.192258 0.648632 1.060731 1.372908 1.164797 -0.734201 1.352346 1.318099 2.269381 2.597857
0.465361 1.880708 0.510035 0.783788 1.239751 0.833561 1.973603 2.156757 -1.040995 0.860820
1.583428 0.927133 0.956368 1.793707 1.783016 1.862380 1.379599 1.232457 -0.659308 1.162946
1.836078 1.533925 -0.241098 1.263608 1.369680 1.311394 -1.289385 2.972152 -0.588197 1.737121
1.553187 1.860616 1.224716 0.216597 1.939144 -1.324313 3.042961 2.679889 1.486253 0.302453
1.558744 0.508117 0.575475 1.346189 2.105171 0.941916 1.288353 1.854778 1.198341 0.904724
0.968233 1.601560 -2.214708 3.188763 2.233944 1.501397 1.383015 2.860440 2.557790 3.661784
1.544838 1.546031 0.977594 0.648010 0.893546 2.588675 1.799411 1.776628 -0.221384 1.088166
1.698799 3.007008 -0.157789 2.316144 0.987155 1.391436 -0.917199 1.174750 2.716178 3.604346
1.205868 2.187078 1.829054 1.345188 0.606805 -0.194977 2.358927 1.952825 1.178205 2.631538
1.355727 1.321374 -0.633022 -0.647037 2.163579 -0.079204 2.191510 2.211297 1.616684 2.677271
0.543377 1.223594 0.521734 0.670780 3.411062 -0.700988 1.586421 2.524145 1.585717 2.548536
1.536952 2.154253 0.743210 0.454820 0.309485 1.758935 3.189974 1.657632 -0.416922 1.420493
1.552660 1.630954 0.943694 -0.252303 1.198511 0.579631 3.376865 0.726957 1.995784 1.681568
1.206517 0.895800 0.133856 1.063513 0.964779 2.479249 2.434304 2.544802 -0.103148 0.700792
0.992248 2.916095 0.366906 0.567819 1.498336 0.842502 2.430347 2.792662 -0.854642 1.270357
1.892575 2.349410 0.804769 1.681815 1.658026 -1.104470 2.847101 2.181339 0.531458 2.112616
1.059554 0.561390 0.256324 0.340394 2.202002 0.546865 2.285947 2.553406 -1.458605 1.301500
0.887616 1.624423 1.246143 0.593170 1.127821 1.171008 2.287372 1.060715 -0.748034 0.960576
1.299266 0.820388 0.405889 1.002051 1.885640 1.423913 2.391983 0.577229 2.163614 3.380665
1.292913 1.378616 -0.163827 1.346232 2.583324 0.536853 3.453347 2.068783 -3.028388 0.849544
1.379951 2.173376 2.521767 0.024964 2.504372 1.377394 3.027897 0.398306 -1.073370 2.962474
1.082543 0.689094 0.225802 1.178519 1.297215 1.016967 1.580179 2.099218 -0.818207 1.284169
1.565130 2.288467 -0.462116 1.647445 2.056135 0.674919 -0.302388 2.609983 -0.356379 2.974163
1.226152 0.373136 0.951177 1.126363 1.948002 1.646343 2.206719 1.727635 -0.671636 0.314963
1.547020 1.442858 1.143677 1.518857 1.666154 0.470313 2.143835 1.962741 1.678645 1.212193
1.115826 1.940822 0.974698 0.980435 1.931462 -0.672883 1.224942 3.899298 1.330569 1.366032
1.112722 0.580570 -0.486114 0.376535 2.572241 1.706280 1.852073 2.160647 -1.277001 1.205678
-0.060991 2.012360 0.970217 0.268524 1.963577 2.419132 2.767496 1.692588 0.615329 1.587229
1.965684 0.358273 0.538188 0.701055 1.047893 1.215485 2.067891 1.755352 -0.900629 1.994056
1.690854 1.424502 -0.716392 1.378143 1.932596 0.836158 1.696331 2.342539 -0.138431 2.369392
0.505954 2.812918 1.348761 0.499864 1.041484 -0.982833 3.045980 2.529309 1.420024 0.858587
0.404903 1.707606 0.851057 0.091509 1.312824 0.562338 2.889047 2.515546 0.434679 1.730048
0.608669 2.527173 0.488836 1.084870 2.222491 0.848642 1.441759 1.622135 1.599892 2.858208
0.435091 3.204354 -0.721473 0.239010 1.407536 1.651033 2.861258 2.604391 -1.151707 1.080702
0.532914 0.798286 -0.133300 0.432659 2.055778 1.054673 1.979757 2.314167 -0.275339 1.048527
1.263923 0.508446 -0.010192 0.854504 1.696034 0.559629 2.673640 2.700522 0.731469 1.034960
0.846073 2.283348 1.344853 0.615114 2.641492 0.832138 1.944998 1.355562 1.063577 2.607094
0.193219 1.902184 -1.242902 0.447043 3.205811 0.991919 1.556483 1.810471 1.423355 2.011815
1.817740 2.271324 1.790281 0.371631 0.259145 1.430107 1.671391 1.358540 -1.104743 1.303771
1.537868 1.506347 -0.541940 0.543188 0.910488 1.338156 0.458104 3.024730 0.218202 1.959652
1.526233 2.364185 0.851776 1.070400 0.738291 0.553776 2.143452 2.041274 -0.596297 0.607787
1.749956 2.678640 0.814161 2.683418 2.021412 0.113346 1.004166 1.293746 1.450711 3.520076
1.592924 1.267445 2.105789 0.118870 2.292800 -0.633242 2.299996 2.388676 2.410638 2.800843
1.239551 1.558203 1.757785 1.332149 0.650615 0.467443 3.013776 1.450930 0.008263 1.217939
0.458154 1.028345 1.160487 0.659249 2.807485 -0.271148 2.948976 2.645938 2.951011 0.611833
0.946005 1.499111 1.629815 0.057579 1.007181 -0.800439 2.068136 1.571153 2.734509 2.411485
1.173055 1.150632 0.277295 1.469815 1.889292 0.072220 1.304400 2.430556 0.459868 3.325077
