0000000000000000000000000000
0000000000000000000000000000
0000000000000000000000000000
0000000000000000000000000000
0000000000000000000000000000
0000000000000001111111000000
0000000000000011111111000000
0000000000000111111111000000
0000000000001111111111000000
0000000000011111100111000000
0000000000011110001111000000
0000000000111110001111000000
0000000000111110001110000000
0000000001111100011110000000
0000000001111000011100000000
0000000011110000111100000000
0000000011110001111100000000
0000000011110001111000000000
0000000011110001111000000000
0000000011100011110000000000
0000000011100111100000000000
0000000011111111100000000000
0000000011111111000000000000
0000000011111110000000000000
0000000011111000000000000000
0000000000000000000000000000
0000000000000000000000000000
0000000000000000000000000000
