0000000000000000000000000000
0000000000000000000000000000
0000000000000000000000000000
0000000000000000000000000000
0000000000011111100000000000
0000000000111111111000000000
0000000111111111111100000000
0000001111111111111110000000
0000001111111111111111000000
0000011111111111111111100000
0000011111100000111111100000
0000011111100000011111100000
0000011111000000001111110000
0000011111000000000111111000
0000011111000000000111111000
0000011111000000000111111000
0000011111100000000011111000
0000011111110000000011111000
0000011111111111100111111000
0000000111111111111111111000
0000000111111111111111111000
0000000011111111111111111000
0000000000000111111111100000
0000000000000001111111100000
0000000000000000000000000000
0000000000000000000000000000
0000000000000000000000000000
0000000000000000000000000000
