0000000000000000000000000000
0000000000000000000000000000
0000000000000000000000000000
0000000000000000000000000000
0000000000000000000000000000
0000000000001111111111000000
0000000000011111111111000000
0000000000111111111111100000
0000000001111111111111100000
0000000011111110001111100000
0000000011111100000111100000
0000000111111000001111100000
0000001111111000001111100000
0000001111110000001111100000
0000011111100000001111100000
0000011111100000001111100000
0000011111000000001111000000
0000011111000000011111000000
0000011111000000111111000000
0000001111000001111110000000
0000001111100111111110000000
0000001111111111111000000000
0000001111111111110000000000
0000000111111111000000000000
0000000011111110000000000000
0000000000000000000000000000
0000000000000000000000000000
0000000000000000000000000000
