0000000000000000000000000000
0000000000000000000000000000
0000000000000000000000000000
0000000000000000000000000000
0000000000000000011111000000
0000000000000000111111000000
0000000000000011111111000000
0000000000000111111111000000
0000000000011111111111000000
0000000000011111111111100000
0000000001111111111111000000
0000000001111111011111000000
0000000011111110011111000000
0000000111111100111111000000
0000001111110001111110000000
0000001111110001111110000000
0000011111000011111100000000
0000011111000111111100000000
0000011111001111111000000000
0000011110111111110000000000
0000111111111111110000000000
0000011111111111100000000000
0000011111111111000000000000
0000011111111100000000000000
0000000000000000000000000000
0000000000000000000000000000
0000000000000000000000000000
0000000000000000000000000000
