0000000000000000000000000000
0000000000000000000000000000
0000000000000000000000000000
0000000000000000000000000000
0000000000000000000000000000
0000000000000011111110000000
0000000000001111111111000000
0000000000011111111111100000
0000000000011111111111100000
0000000000011111111011110000
0000000000011111110011110000
0000000000111111000011110000
0000000001111110000011110000
0000000011111100000011110000
0000000011111000000011110000
0000000111100000001111100000
0000001111100000001111000000
0000011111000000011111000000
0000011110000000111110000000
0000111110000001111110000000
0000111100000011111100000000
0000111100000111111000000000
0000111111111111100000000000
0000011111111111000000000000
0000011111111100000000000000
0000000000000000000000000000
0000000000000000000000000000
0000000000000000000000000000
