0000000000000000000000000000
0000000000000000000000000000
0000000000000000000000000000
0000000000000000000000000000
0000000000000111100000000000
0000000000000111110000000000
0000000000001110111000000000
0000000000001110011100000000
0000000000011100001110000000
0000000000011100000110000000
0000000000111000000110000000
0000000000111000000110000000
0000000000110000000110000000
0000000000110000000110000000
0000000000110000001110000000
0000000001110000001100000000
0000000001100000011100000000
0000000001100000011000000000
0000000001100000111000000000
0000000001100001111000000000
0000000001110011110000000000
0000000001110111100000000000
0000000000111111000000000000
0000000000111110000000000000
0000000000000000000000000000
0000000000000000000000000000
0000000000000000000000000000
0000000000000000000000000000
