0000000000000000000000000000
0000000000000000000000000000
0000000000000000000000000000
0000000000000000000000000000
0000000000000001111110000000
0000000000000111111111100000
0000000000011111111111100000
0000000001111111111111100000
0000000001111111111111100000
0000000011111111101111100000
0000000011111110000011100000
0000000001111110000111100000
0000000000111100001111100000
0000000001111100001111100000
0000000111111000011111000000
0000000111110000111110000000
0000001111110011111110000000
0000001111100111111110000000
0000011111011111111100000000
0000011111111111111000000000
0000011111111111111000000000
0000011111111110000000000000
0000011111111110000000000000
0000011111110000000000000000
0000000000000000000000000000
0000000000000000000000000000
0000000000000000000000000000
0000000000000000000000000000
