0000000000000000000000000000
0000000000000000000000000000
0000000000000000000000000000
0000000000000000000000000000
0000000000000011110000000000
0000000000000011111000000000
0000000000000111111100000000
0000000000011111111110000000
0000000000111110011111000000
0000000001111100000111000000
0000000001111100000111100000
0000000011111000000111100000
0000000011110000000111100000
0000000111100000000111100000
0000001111000000000111000000
0000001111000000001111000000
0000001110000000011111000000
0000011110000000011110000000
0000011110000000111110000000
0000001110000011111000000000
0000001111001111111000000000
0000001111111111110000000000
0000001111111111100000000000
0000000111111110000000000000
0000000000000000000000000000
0000000000000000000000000000
0000000000000000000000000000
0000000000000000000000000000
