0000000000000000000000000000
0000000000000000000000000000
0000000000000000000000000000
0000000000000000000000000000
0000000000001111111000000000
0000000000011111111100000000
0000000000111111111100000000
0000000001111110011110000000
0000000011111000001110000000
0000000011110000001111000000
0000000111110000000111000000
0000000111100000000111000000
0000001111000000000111100000
0000011110000000000111100000
0000011110000000000111100000
0000011100000000000111100000
0000011100000000000111100000
0000011100000000001111000000
0000011100000000001111000000
0000011100000000011110000000
0000001110000000111100000000
0000000111110111111100000000
0000000111111111110000000000
0000000011111111100000000000
0000000000000000000000000000
0000000000000000000000000000
0000000000000000000000000000
0000000000000000000000000000
