0000000000000000000000000000
0000000000000000000000000000
0000000000000000000000000000
0000000000000000000000000000
0000000000000000111110000000
0000000000000001111111000000
0000000000000111111111000000
0000000000001111111111100000
0000000000011111111111100000
0000000001111111111111100000
0000000001111111111011110000
0000000011111111110011110000
0000000111111011110011110000
0000001111110011110011110000
0000001111100011110111100000
0000011111000011100111100000
0000011111000011111111100000
0000011110000011111111000000
0000111110000011111111000000
0000111100001111111100000000
0000111111111111111000000000
0000011111111111110000000000
0000011111111110000000000000
0000001111111000000000000000
0000000000000000000000000000
0000000000000000000000000000
0000000000000000000000000000
0000000000000000000000000000
