0000000000000000000000000000
0000000000000000000000000000
0000000000000000000000000000
0000000000000000000000000000
0000000000000000000000000000
0000000000000011111100000000
0000000000000111111100000000
0000000000011111111100000000
0000000000111111111110000000
0000000000111111111110000000
0000000001111111111110000000
0000000011111101111110000000
0000000011110001111110000000
0000000111100000011110000000
0000000111100000001110000000
0000000111100000011111000000
0000001111000000011111000000
0000001111000000011111000000
0000001111000000111110000000
0000001111000000111100000000
0000001111000001111100000000
0000001111101111111000000000
0000000111111111110000000000
0000000111111111110000000000
0000000011111111000000000000
0000000000000000000000000000
0000000000000000000000000000
0000000000000000000000000000
