0000000000000000000000000000
0000000000000000000000000000
0000000000000000000000000000
0000000000000000000000000000
0000000000000000000000000000
0000000000000000000000000000
0000000000000000000000000000
0000000000000000011110000000
0000000000000111111111000000
0000000000111111111111100000
0000000011111111100011110000
0000000011111111110001110000
0000000111111111100001110000
0000001111110000000001110000
0000011111000000000001110000
0000011110000000000011100000
0000111000000000000011100000
0000110000000000000111000000
0000110000000000011110000000
0000111000000001111110000000
0000111111111111110000000000
0000011111111111000000000000
0000000000000000000000000000
0000000000000000000000000000
0000000000000000000000000000
0000000000000000000000000000
0000000000000000000000000000
0000000000000000000000000000
