0000000000000000000000000000
0000000000000000000000000000
0000000000000000000000000000
0000000000000000000000000000
0000000000000000000000000000
0000000000000000000000000000
0000000000000000000000000000
0000000000111111111111100000
0000000000111111111111110000
0000000011111111111111111000
0000000111111100000111111000
0000000111111100000001111000
0000001111111000000001111000
0000001111110000000001111000
0000011111100000000011111000
0000011111000000000111110000
0000011111110000001111110000
0000011111110000111111100000
0000011111110111111111000000
0000011111111111111110000000
0000011111111111111000000000
0000001111111111100000000000
0000000111111110000000000000
0000000000000000000000000000
0000000000000000000000000000
0000000000000000000000000000
0000000000000000000000000000
0000000000000000000000000000
