0000000000000000000000000000
0000000000000000000000000000
0000000000000000000000000000
0000000000000000000000000000
0000000000011111111110000000
0000000000011111111111000000
0000000000111111111111110000
0000000001111100000111110000
0000000011110000000011110000
0000000011110000000001110000
0000000111100000000001111000
0000000111100000000001111000
0000000111100000000001111000
0000001111000000000001110000
0000001111000000000011110000
0000001111000000000111110000
0000011110000000001111100000
0000011110000000011111000000
0000011100000000111110000000
0000011100000011111100000000
0000011110001111111000000000
0000011111111111110000000000
0000001111111111100000000000
0000001111111110000000000000
0000000000000000000000000000
0000000000000000000000000000
0000000000000000000000000000
0000000000000000000000000000
