0000000000000000000000000000
0000000000000000000000000000
0000000000000000000000000000
0000000000000000000000000000
0000000000011111100000000000
0000000001111111111000000000
0000000001111111111100000000
0000000011111111111110000000
0000000011111000111111000000
0000000011110000001111000000
0000000011110000001110000000
0000000011110000001110000000
0000000011110000001110000000
0000000011110000001110000000
0000000011110000011110000000
0000000011110000011110000000
0000000011110000011110000000
0000000011110000111110000000
0000000001111000111110000000
0000000001111110111110000000
0000000000111110111110000000
0000000000011111111100000000
0000000000001111111100000000
0000000000000111111100000000
0000000000000000000000000000
0000000000000000000000000000
0000000000000000000000000000
0000000000000000000000000000
