0000000000000000000000000000
0000000000000000000000000000
0000000000000000000000000000
0000000000001110000000000000
0000000000011110000000000000
0000000000111000000000000000
0000000000111001110000000000
0000000001110001111000000000
0000000011110000111110000000
0000000011100000011111000000
0000000011100000000111100000
0000000111000000000011100000
0000000111000000000011100000
0000000111000000000001100000
0000000110000000000001100000
0000000110000000000001100000
0000000110000000000011100000
0000000110000000000011100000
0000000110000000000111100000
0000000111000000000111000000
0000000111100000011110000000
0000000011111111111100000000
0000000011111111111000000000
0000000000000000000000000000
0000000000000000000000000000
0000000000000000000000000000
0000000000000000000000000000
0000000000000000000000000000
