0000000000000000000000000000
0000000000000000000000000000
0000000000000000000000000000
0000000000000000000000000000
0000000001111100000000000000
0000000001111110000000000000
0000000001111111100000000000
0000000001111111110000000000
0000000011100111111000000000
0000000111100001111110000000
0000000111100001111110000000
0000000111100000011111100000
0000000111000000000111100000
0000001111000000000111100000
0000001111000000000011100000
0000001111000000000011100000
0000001111000000000011110000
0000001111000000000111110000
0000000111100000000111110000
0000000111111000111111100000
0000000011111111111111000000
0000000011111111111110000000
0000000000111111111100000000
0000000000001111110000000000
0000000000000000000000000000
0000000000000000000000000000
0000000000000000000000000000
0000000000000000000000000000
