0000000000000000000000000000
0000000000000000000000000000
0000000000000000000000000000
0000000000000000000000000000
0000000000000000000000000000
0000000000011111111000000000
0000000000011111111100000000
0000000111111111111110000000
0000000111111111111110000000
0000000111110001111110000000
0000000111110000111111000000
0000001111110000011111000000
0000001111110000011111000000
0000001111110000011111000000
0000001111100000011111000000
0000001111100000011111000000
0000000111100000011111000000
0000000111110000011111000000
0000000111110000111111000000
0000000111110001111110000000
0000000011111111111100000000
0000000011111111111100000000
0000000001111111111000000000
0000000001111111100000000000
0000000000111111000000000000
0000000000000000000000000000
0000000000000000000000000000
0000000000000000000000000000
