0000000000000000000000000000
0000000000000000000000000000
0000000000000000000000000000
0000000000000000000000000000
0000000000111110000000000000
0000000000111110000000000000
0000000001111101111100000000
0000000001111001111100000000
0000000011110001111110000000
0000000011110000001110000000
0000000111100000001111000000
0000000111100000000111000000
0000000111000000000111100000
0000000111000000000011100000
0000000111000000000011100000
0000000111000000000011100000
0000000111000000000011100000
0000000111000000000011100000
0000000111100000000011100000
0000000111100000001111000000
0000000011110000001111000000
0000000011111111111110000000
0000000001111111111100000000
0000000000111111110000000000
0000000000000000000000000000
0000000000000000000000000000
0000000000000000000000000000
0000000000000000000000000000
