0000000000000000000000000000
0000000000000000000000000000
0000000000000000000000000000
0000000000000000000000000000
0000000000000000000000000000
0000000000001111111111110000
0000000000011111111111110000
0000000001111111111111110000
0000000011111111111111110000
0000001111111111111111110000
0000001111111111111011110000
0000011111110011100011110000
0000011111100001100011110000
0000111111000000000111110000
0000111110000000000111110000
0000111110000000000111110000
0000111110000000001111110000
0000111100000000011111100000
0000111100000000111111100000
0000111100000001111111100000
0000111110001111111111000000
0000111111111111111100000000
0000111111111111111100000000
0000011111111111100000000000
0000001111111110000000000000
0000000000000000000000000000
0000000000000000000000000000
0000000000000000000000000000
