0000000000000000000000000000
0000000000000000000000000000
0000000000000000000000000000
0000000000000000000000000000
0000000000111111000000000000
0000000001111111111000000000
0000000011111111111100000000
0000000111111111111111000000
0000000111110000111111000000
0000001111100000001111100000
0000001111000000001111100000
0000011111000000000111110000
0000111110000000000011110000
0000111100000000000011110000
0000111100000000000011110000
0000111100000000000011110000
0000111100000000000011110000
0000111100000000000011110000
0000111110000000000011110000
0000111111100000000111110000
0000111111111111111111110000
0000011111111111111111100000
0000000111111111111111000000
0000000000011111111110000000
0000000000000000000000000000
0000000000000000000000000000
0000000000000000000000000000
0000000000000000000000000000
