0000000000000000000000000000
0000000000000000000000000000
0000000000000000000000000000
0000000000000000000000000000
0000000000000001111100000000
0000000000000111111110000000
0000000000001111111111000000
0000000000111111111111110000
0000000001111110111111110000
0000000011111100111101110000
0000000011111000000001110000
0000000111111000000001110000
0000001111100000000001110000
0000001111100000000001110000
0000001111000000000001110000
0000001110000000000011110000
0000011110000000000011100000
0000011110000000000011100000
0000011110000000000111100000
0000001111000000001111000000
0000001111100001111111000000
0000000111111111111110000000
0000000011111111111100000000
0000000001111111100000000000
0000000000000000000000000000
0000000000000000000000000000
0000000000000000000000000000
0000000000000000000000000000
