0000000000000000000000000000
0000000000000000000000000000
0000000000000000000000000000
0000000000000000000000000000
0000000000000000000000000000
0000000000111111110000000000
0000000011111111111000000000
0000000011111111111100000000
0000000111111101111110000000
0000001111111000111110000000
0000001111111000011111000000
0000001111110000001111000000
0000001111100000001111000000
0000011111100000001111000000
0000011111000000000111000000
0000001111000000000111000000
0000001111000000000111000000
0000000111100000000111000000
0000000111100000000111100000
0000000111110000000111100000
0000000011111100001111000000
0000000001111111111111000000
0000000000111111111111000000
0000000000011111111110000000
0000000000001111111000000000
0000000000000000000000000000
0000000000000000000000000000
0000000000000000000000000000
