0000000000000000000000000000
0000000000000000000000000000
0000000000000000000000000000
0000000000000000000000000000
0000000000000001111111000000
0000000000000011111111000000
0000000000000011111111000000
0000000000001111111111100000
0000000000011111111111110000
0000000000111111111111110000
0000000001111111111111110000
0000000011111111000011110000
0000000111111110000111110000
0000001111111100000111110000
0000011111111000011111110000
0000011111110000011111100000
0000011111100001111111100000
0000011111000111111111000000
0000011111111111111111000000
0000011111111111111110000000
0000011111111111111100000000
0000001111111111111000000000
0000000111111111110000000000
0000000011111111000000000000
0000000000000000000000000000
0000000000000000000000000000
0000000000000000000000000000
0000000000000000000000000000
