0000000000000000000000000000
0000000000000000000000000000
0000000000000000000000000000
0000000000000000000000000000
0000000000000111111100000000
0000000000011111111110000000
0000000001111111111111100000
0000000011111111111111100000
0000000111111111111111110000
0000000111111110000111110000
0000001111100000000011111000
0000011111100000000001111000
0000011111000000000001111000
0000011110000000000001111000
0000011110000000000001111000
0000011100000000000011111000
0000011100000000000011110000
0000011100000000000111110000
0000011100000000011111110000
0000011100000001111111100000
0000011111111111111111000000
0000011111111111111110000000
0000011111111111111100000000
0000001111111111100000000000
0000000000000000000000000000
0000000000000000000000000000
0000000000000000000000000000
0000000000000000000000000000
