0000000000000000000000000000
0000000000000000000000000000
0000000000000000000000000000
0000000000000000000000000000
0000000000000000000000000000
0000000000111110011110000000
0000000001111111111111100000
0000000111111111111111110000
0000000111111111111111110000
0000000111111111111111110000
0000001111111100001111111000
0000011111011000000011111000
0000011111000000000011111000
0000011111000000000001111000
0000011111000000000001111000
0000011110000000000001111000
0000011110000000000011111000
0000011110000000000011111000
0000011111000000000011111000
0000011111000000001111110000
0000011111111111111111110000
0000011111111111111111110000
0000001111111111111111000000
0000000111111111111000000000
0000000011111111000000000000
0000000000000000000000000000
0000000000000000000000000000
0000000000000000000000000000
