0000000000000000000000000000
0000000000000000000000000000
0000000000000000000000000000
0000000000000000000000000000
0000000000000000000000000000
0000000000000001111000000000
0000000000000011111000000000
0000000000000111111110000000
0000000000001111111111100000
0000000000011111111111100000
0000000000111111111111100000
0000000001111011100001100000
0000000001111111100001100000
0000000011110011100011100000
0000000011110011100011100000
0000000111100000000111100000
0000000111100000000111100000
0000000111000000001111000000
0000000110000000011110000000
0000000110000000111100000000
0000000110000001111100000000
0000000110000111111000000000
0000000111011111110000000000
0000000111111111000000000000
0000000111111110000000000000
0000000000000000000000000000
0000000000000000000000000000
0000000000000000000000000000
