0000000000000000000000000000
0000000000000000000000000000
0000000000000000000000000000
0000000000000000000000000000
0000000000001111110000000000
0000000000111111111100000000
0000000000111111111111000000
0000000001111111111111100000
0000000001111000001111100000
0000000011111000000111100000
0000000111111000000111110000
0000000111110000000011110000
0000001111100000000001110000
0000001111100000000001110000
0000001111000000000011110000
0000001111000000000111110000
0000001110000000000111110000
0000001110000000001111110000
0000001110000000111111100000
0000001110000001111110000000
0000001111111111111100000000
0000001111111111111100000000
0000001111111111100000000000
0000000111111110000000000000
0000000000000000000000000000
0000000000000000000000000000
0000000000000000000000000000
0000000000000000000000000000
