0000000000000000000000000000
0000000000000000000000000000
0000000000000000000000000000
0000000000000000000000000000
0000000000000000000000000000
0000000000000000000000000000
0000000000000000000000000000
0000000000000000100000000000
0000000011111111111110000000
0000001111111111111111100000
0000001111111111111111110000
0000011111000011000111111000
0000011110000000000000111000
0000011110000000000000011000
0000011110000000000000011000
0000011111000000000000111000
0000011111100000000001111000
0000011011100000000011111000
0000011001111000011111111000
0000000001111111111111100000
0000000000111111111111000000
0000000000001111111000000000
0000000000000000000000000000
0000000000000000000000000000
0000000000000000000000000000
0000000000000000000000000000
0000000000000000000000000000
0000000000000000000000000000
