0000000000000000000000000000
0000000000000000000000000000
0000000000000000000000000000
0000000000000000000000000000
0000000000001111000000000000
0000000000111111100000000000
0000000000111111100000000000
0000000011111111111000000000
0000000011111111111100000000
0000000011110011111111000000
0000000111110001111111100000
0000000111100000011111110000
0000001111000000000011111000
0000001111000000000011111000
0000001111000000000001111000
0000011110000000000001111000
0000011110000000000001111000
0000011110000000000001111000
0000011110000000000001111000
0000011110000000000011111000
0000011111000000001111110000
0000001111111111111111110000
0000001111111111111111000000
0000000011111111111100000000
0000000000000000000000000000
0000000000000000000000000000
0000000000000000000000000000
0000000000000000000000000000
