0000000000000000000000000000
0000000000000000000000000000
0000000000000000000000000000
0000000000000000000000000000
0000000000001111111100000000
0000000000111111111110000000
0000000001111111111111000000
0000000011111111111111000000
0000000111111110001111100000
0000000111111110000111110000
0000000111111110000111110000
0000000111111100000011110000
0000000011111100000011110000
0000000011111110000011111000
0000000111111110000001111000
0000000111111110000011111000
0000000111111100000111110000
0000000111111100001111110000
0000000111111000011111100000
0000000111100000111111000000
0000000111111111111111000000
0000000111111111111100000000
0000000011111111111000000000
0000000001111111111000000000
0000000000000000000000000000
0000000000000000000000000000
0000000000000000000000000000
0000000000000000000000000000
