0000000000000000000000000000
0000000000000000000000000000
0000000000000000000000000000
0000000000000000000000000000
0000000000000000000000000000
0000000000000011111111110000
0000000000000111111111110000
0000000000001111111001110000
0000000000011111110001110000
0000000000111110000001110000
0000000000111100000001110000
0000000011111000000001110000
0000000011110000000011110000
0000000111100000000011110000
0000001111100000000111100000
0000001111000000000111100000
0000011110000000001111100000
0000011110000000001111000000
0000111110000000111111000000
0000111100000001111100000000
0000111100000111111000000000
0000111100011111110000000000
0000111111111110000000000000
0000111111111100000000000000
0000111111111000000000000000
0000000000000000000000000000
0000000000000000000000000000
0000000000000000000000000000
