0000000000000000000000000000
0000000000000000000000000000
0000000000000000000000000000
0000000000000000000000000000
0000000000000000000000000000
0000000000011111100000000000
0000000000011111100000000000
0000000000001111111000000000
0000000000011111111000000000
0000000000011111111100000000
0000000000011100111100000000
0000000000011100111110000000
0000000000111000011110000000
0000000000111000001110000000
0000000000111000001110000000
0000000001110000001110000000
0000000001110000001110000000
0000000001110000001110000000
0000000001110000001110000000
0000000001110000001100000000
0000000001110000111100000000
0000000001110001111000000000
0000000001111111111000000000
0000000000111111100000000000
0000000000111111000000000000
0000000000000000000000000000
0000000000000000000000000000
0000000000000000000000000000
