0000000000000000000000000000
0000000000000000000000000000
0000000000000000000000000000
0000000000000111100000000000
0000000000001111111000000000
0000000000011111111000000000
0000000000111111111100000000
0000000000111111111110000000
0000000001111100011111000000
0000000011111000001111000000
0000000011110000001111000000
0000000011110000000111100000
0000000111100000000011100000
0000000111000000000011100000
0000000111000000000011100000
0000001111000000000011100000
0000001111000000000111100000
0000001110000000001111100000
0000000111000000011111100000
0000000111111111111111000000
0000000111111111111110000000
0000000011111111111100000000
0000000001111111111000000000
0000000000000000000000000000
0000000000000000000000000000
0000000000000000000000000000
0000000000000000000000000000
0000000000000000000000000000
