0000000000000000000000000000
0000000000000000000000000000
0000000000000000000000000000
0000000000000000000000000000
0000000000000001111111110000
0000000000000011111111110000
0000000000000111111111111000
0000000000001111110001111000
0000000000011111100001110000
0000000000011111000001111000
0000000001111110000011111000
0000000001111100000011110000
0000000111111000000011110000
0000000111110000000111110000
0000001111110000000111100000
0000011111000000001111100000
0000011110000000001111000000
0000011110000000111110000000
0000011100000001111110000000
0000011110000111111100000000
0000011111001111111000000000
0000011111111111110000000000
0000000111111111100000000000
0000000111111110000000000000
0000000000000000000000000000
0000000000000000000000000000
0000000000000000000000000000
0000000000000000000000000000
