0000000000000000000000000000
0000000000000000000000000000
0000000000000000000000000000
0000000000000000000000000000
0000000000111110000000000000
0000000000111111100000000000
0000000001111111110000000000
0000000001111111111100000000
0000000011111011111110000000
0000000011111001111110000000
0000000011110000011111000000
0000000111110000001111100000
0000000111110000001111100000
0000000111100000000111100000
0000000111100000000111100000
0000000111100000000111100000
0000000111100000001111100000
0000000111110000011111000000
0000000111111000011111000000
0000000111111000011110000000
0000000001111111111110000000
0000000001111111111100000000
0000000000111111111000000000
0000000000011111110000000000
0000000000000000000000000000
0000000000000000000000000000
0000000000000000000000000000
0000000000000000000000000000
