0000000000000000000000000000
0000000000000000000000000000
0000000000000000000000000000
0000000000000000000000000000
0000000000001111111000000000
0000000000011111111100000000
0000000000011111111110000000
0000000001111111111111000000
0000000001111110111111100000
0000000000111110001111100000
0000000001111100001111100000
0000000011111000000111100000
0000000011110000000111110000
0000000111110000000011111000
0000000111100000000011110000
0000001111100000000011111000
0000001111000000000011111000
0000011111000000000011111000
0000011110000000000011110000
0000011110000000000011110000
0000011110000000001111100000
0000011111100001111111000000
0000011111111111111100000000
0000011111111111110000000000
0000000000000000000000000000
0000000000000000000000000000
0000000000000000000000000000
0000000000000000000000000000
