0000000000000000000000000000
0000000000000000000000000000
0000000000000000000000000000
0000000000000000000000000000
0000000000001110010000000000
0000000000011111111110000000
0000000000111111111111000000
0000000001111111111111000000
0000000001111111111111100000
0000000011111111011111100000
0000000111111100000011110000
0000000111111100000011110000
0000000111111000000111110000
0000001111110000000111110000
0000001111100000001111110000
0000001111000000011111100000
0000001111000000111111000000
0000001110000011111111000000
0000001111001111111110000000
0000001111111111111100000000
0000001111111111111000000000
0000000111111111110000000000
0000000111111111000000000000
0000000011111110000000000000
0000000000000000000000000000
0000000000000000000000000000
0000000000000000000000000000
0000000000000000000000000000
