0000000000000000000000000000
0000000000000000000000000000
0000000000000000000000000000
0000000000000000000000000000
0000000000000111110000000000
0000000000001111111000000000
0000000000011111111100000000
0000000000111111111110000000
0000000001111111111110000000
0000000011111111111111000000
0000000111111111111111100000
0000000111111110001111100000
0000000111111100001111100000
0000000111111000001111100000
0000000111111000011111100000
0000001111110000011111100000
0000001111110000111111100000
0000001111110111111111000000
0000001111111111111111000000
0000000111111111111110000000
0000000111111111111100000000
0000000111111111111100000000
0000000011111111110000000000
0000000001111111100000000000
0000000000000000000000000000
0000000000000000000000000000
0000000000000000000000000000
0000000000000000000000000000
