0000000000000000000000000000
0000000000000000000000000000
0000000000000000000000000000
0000000000000000000000000000
0000000000000001111000000000
0000000000000111111000000000
0000000000011111111110000000
0000000001111111111111000000
0000000011111101111111100000
0000000111110000000011110000
0000000111110000000011111000
0000000111100000000001111000
0000011111000000000001111000
0000011111000000000000111000
0000011110000000000000111000
0000011110000000000001111000
0000011100000000000011111000
0000011110000000000111100000
0000011111000000001111100000
0000011111111100111111100000
0000000111111111111110000000
0000000111111111111110000000
0000000001111111100000000000
0000000000000000000000000000
0000000000000000000000000000
0000000000000000000000000000
0000000000000000000000000000
0000000000000000000000000000
