0000000000000000000000000000
0000000000000000000000000000
0000000000000000000000000000
0000000000000000000000000000
0000000000000011111100000000
0000000000000111111100000000
0000000000011111111100000000
0000000000011111110000000000
0000000000111111111000000000
0000000001111111111000000000
0000000001111111111000000000
0000000001111101111100000000
0000000011111000111100000000
0000000011110000111100000000
0000000011110000111100000000
0000000011110000111100000000
0000000011110000111100000000
0000000011110000111100000000
0000000011110000111100000000
0000000001111101111100000000
0000000001111111111100000000
0000000001111111111000000000
0000000000111111110000000000
0000000000011111110000000000
0000000000000000000000000000
0000000000000000000000000000
0000000000000000000000000000
0000000000000000000000000000
