0000000000000000000000000000
0000000000000000000000000000
0000000000000000000000000000
0000000000000000000000000000
0000000000000000000000000000
0000000000000000000000000000
0000000000000000000000000000
0000000000011110111110000000
0000000000111111111111000000
0000000001111111111111100000
0000000011111111111111100000
0000000111111101111111110000
0000001111111101111111110000
0000011111111000111111110000
0000011111111000111111111000
0000011111110000011111111000
0000011111110000011111111000
0000011110000001111111110000
0000011111111111111111100000
0000011111111111111111000000
0000001111111111111000000000
0000001111111111100000000000
0000000011111000000000000000
0000000000000000000000000000
0000000000000000000000000000
0000000000000000000000000000
0000000000000000000000000000
0000000000000000000000000000
