0000000000000000000000000000
0000000000000000000000000000
0000000000000000000000000000
0000000000000000000000000000
0000000000000000000000000000
0000000000000111110000000000
0000000001111111111100000000
0000000111111111111110000000
0000001111111111111111000000
0000011111111111011111100000
0000011111111111000111110000
0000011111100111100001110000
0000011111000111100001111000
0000011111001111000001111000
0000011111111110000000111000
0000011111111110000000111000
0000011111110000000000111000
0000011111110000000001111000
0000001111100000000001111000
0000001111110000000011111000
0000000111111110011111110000
0000000001111111111111100000
0000000000111111111110000000
0000000000001111111100000000
0000000000000000000000000000
0000000000000000000000000000
0000000000000000000000000000
0000000000000000000000000000
