0000000000000000000000000000
0000000000000000000000000000
0000000000000000000000000000
0000000000000000000000000000
0000000000000111111100000000
0000000000001111111110000000
0000000001111111111111000000
0000000001111111111111100000
0000000001111110011111110000
0000000111111100000111110000
0000000111110000000011111000
0000000111100000000001111000
0000001111100000000001111000
0000001111000000000001111000
0000001111000000000001111000
0000001111000000000111110000
0000001111000000000111110000
0000011110000000011111100000
0000011111000000011111000000
0000011111000001111110000000
0000001111111111111100000000
0000000111111111111000000000
0000000111111111100000000000
0000000001111111000000000000
0000000000000000000000000000
0000000000000000000000000000
0000000000000000000000000000
0000000000000000000000000000
