0000000000000000000000000000
0000000000000000000000000000
0000000000000000000000000000
0000000000000000000000000000
0000000000000000000000000000
0000000000000111111111000000
0000000000011111111111100000
0000000000111111111111110000
0000000000111111111111110000
0000000000111110000001110000
0000000000111110000001110000
0000000000111000000001110000
0000000001111000000001110000
0000000011110000000001110000
0000000111110000000111100000
0000000111110000000111100000
0000000111100000001111100000
0000001111000000011111000000
0000001110000001111111000000
0000001110000011111100000000
0000001110000111111000000000
0000001111111111100000000000
0000001111111111000000000000
0000001111111110000000000000
0000000111111000000000000000
0000000000000000000000000000
0000000000000000000000000000
0000000000000000000000000000
