0000000000000000000000000000
0000000000000000000000000000
0000000000000000000000000000
0000000000000000000000000000
0000000000000001100000000000
0000000000000011110000000000
0000000000000011111000000000
0000000000000111111000000000
0000000000001111111100000000
0000000000011111111110000000
0000000000111111111110000000
0000000000111100011111000000
0000000001111000001111000000
0000000011110000000111100000
0000000011110000000011100000
0000000111100000000011100000
0000000111000000000011100000
0000001110000000000111100000
0000001110000000001111000000
0000001110000000111110000000
0000001111000011111000000000
0001100111111111100000000000
0001000111111111000000000000
0000000011111100000000000000
0000000000000000000000000000
0000000000000000000000000000
0000000000000000000000000000
0000000000000000000000000000
