0000000000000000000000000000
0000000000000000000000000000
0000000000000000000000000000
0000000000000000000000000000
0000000000011111110000000000
0000000000011111111000000000
0000000000111111111100000000
0000000001111111111110000000
0000000011111111111111000000
0000000011111110011111000000
0000000111111110001111100000
0000001111111000001111100000
0000001111110000000111100000
0000011111100000000111110000
0000011111000000000011110000
0000011111000000000011110000
0000011111000000000011110000
0000011111110000000011110000
0000001111111000000111110000
0000000111111100001111110000
0000000111111111111111110000
0000000011111111111111100000
0000000001111111111111000000
0000000000011111111111000000
0000000000000000000000000000
0000000000000000000000000000
0000000000000000000000000000
0000000000000000000000000000
