0000000000000000000000000000
0000000000000000000000000000
0000000000000000000000000000
0000000000000000000000000000
0000000000000001111000000000
0000000000000011111100000000
0000000000000011111100000000
0000000000000111111111000000
0000000000001111111111000000
0000000000011111111111100000
0000000000111111111111100000
0000000001111110001111100000
0000000011111110000111100000
0000000011111100000111100000
0000000111111000000111100000
0000000111110000000111100000
0000000111110000001111100000
0000001111100000011111000000
0000011111100000011111000000
0000011111100000111110000000
0000011111111111111110000000
0000011111111111111100000000
0000001111111111111000000000
0000000111111111100000000000
0000000000000000000000000000
0000000000000000000000000000
0000000000000000000000000000
0000000000000000000000000000
