0000000000000000000000000000
0000000000000000000000000000
0000000000000000000000000000
0000000000000000000000000000
0000000000000011110000000000
0000000000000111111100000000
0000000000001111111100000000
0000000000001110011110000000
0000000000011110001110000000
0000000000111110001111000000
0000000000111110000111000000
0000000011111100000111000000
0000000011110000000111000000
0000000011110000000111000000
0000000111100000000111100000
0000000111100000000111000000
0000000111100000000111000000
0000000111000000000111000000
0000000111000000011111000000
0000000111000000111111000000
0000000111111111111110000000
0000000111111111111100000000
0000000111111111111000000000
0000000011111111000000000000
0000000000000000000000000000
0000000000000000000000000000
0000000000000000000000000000
0000000000000000000000000000
