0000000000000000000000000000
0000000000000000000000000000
0000000000000000000000000000
0000000000000000000000000000
0000000000000000000000011000
0000000000000000000011111000
0000000000000000001111111000
0000000000000000111111110000
0000000000000001111111000000
0000000000000011111110000000
0000000000001111100110000000
0000000000011111000110000000
0000000000111110000110000000
0000000001111100001110000000
0000000011110000001100000000
0000000111100000011100000000
0000001111000000111100000000
0000001111000001111000000000
0000011110000001110000000000
0000011100000111100000000000
0000011100111111100000000000
0000011111111110000000000000
0000011111111100000000000000
0000001111100000000000000000
0000000000000000000000000000
0000000000000000000000000000
0000000000000000000000000000
0000000000000000000000000000
