0000000000000000000000000000
0000000000000000000000000000
0000000000000000000000000000
0000000000000000000000000000
0000000000000000111110000000
0000000000000000111110000000
0000000000001111011111000000
0000000000011111111110000000
0000000000111111111111100000
0000000001111111111111100000
0000000011111100011111110000
0000000111111000011111110000
0000000111110000000011110000
0000000111110000000011110000
0000001111100000000111110000
0000001111100000001111110000
0000011111000000001111100000
0000111110000000111111100000
0000111110000001111111000000
0000111100001111111110000000
0000111111111111111000000000
0000111111111111100000000000
0000111111111111000000000000
0000011111111000000000000000
0000000000000000000000000000
0000000000000000000000000000
0000000000000000000000000000
0000000000000000000000000000
