0000000000000000000000000000
0000000000000000000000000000
0000000000000000000000000000
0000000000000000000000000000
0000000000000000000000000000
0000000000111111111000000000
0000000011111000111100000000
0000000011100000011110000000
0000000111000000000111000000
0000011110000000000111000000
0000011110000000000011000000
0000011110000000000011000000
0000011110000000000011100000
0000001110000000000011100000
0000001100000000000001100000
0000001110000000000001100000
0000001110000000000001100000
0000000110000000000001100000
0000000111000000000001100000
0000000111000000000001100000
0000000011100000000011100000
0000000011110000000011100000
0000000001110000000111100000
0000000000111110011111000000
0000000000011111111110000000
0000000000000000000000000000
0000000000000000000000000000
0000000000000000000000000000
