0000000000000000000000000000
0000000000000000000000000000
0000000000000000000000000000
0000000000000000000000000000
0000000000000000111000000000
0000000000000001111110000000
0000000000000011111111000000
0000000000001111111111000000
0000000000011111111111000000
0000000000111111111111000000
0000000001111111101111000000
0000000001111110000111100000
0000000111111000000111100000
0000000111111000001111000000
0000001111110000011111000000
0000001111110000011111000000
0000011111100000111111000000
0000011110000001111110000000
0000011110000011111100000000
0000011110001111111000000000
0000011111111111111000000000
0000011111111111110000000000
0000001111111111100000000000
0000000111111100000000000000
0000000000000000000000000000
0000000000000000000000000000
0000000000000000000000000000
0000000000000000000000000000
