0000000000000000000000000000
0000000000000000000000000000
0000000000000000000000000000
0000000000000000000000000000
0000000000000111111100000000
0000000000011111111111000000
0000000000111111001111000000
0000000001111000000011100000
0000000011100000000011100000
0000000111000000000001100000
0000000111000000000001100000
0000000110000000000001100000
0000000110000000000001100000
0000000110000000000001100000
0000000110000000000001100000
0000000110000000000001100000
0000000111000000000001100000
0000000111000000000011100000
0000000111000000000011000000
0000000011100000001111000000
0000000011110000011110000000
0000000001111100111110000000
0000000000111111111000000000
0000000000011111110000000000
0000000000000000000000000000
0000000000000000000000000000
0000000000000000000000000000
0000000000000000000000000000
