0000000000000000000000000000
0000000000000000000000000000
0000000000000000000000000000
0000000000000000000000000000
0000000000000000011111000000
0000000000011111111111000000
0000000000111111111111100000
0000000011111111111111100000
0000000111111101110111100000
0000000111110001110111110000
0000001111100000100011110000
0000001111000000000001110000
0000011110000000000001110000
0000111110000000000001110000
0000111100000000000011110000
0000111100000000000011110000
0000111100000000000111110000
0000111000000000000111100000
0000111000000000011111100000
0000111100000000111111000000
0000111111101111111110000000
0000111111111111111000000000
0000011111111111110000000000
0000000111111110000000000000
0000000000000000000000000000
0000000000000000000000000000
0000000000000000000000000000
0000000000000000000000000000
