0000000000000000000000000000
0000000000000000000000000000
0000000000000000000000000000
0000000000000000000000000000
0000000000000111110000000000
0000000000001111111100000000
0000000000011111111110000000
0000000000111101111110000000
0000000000111101101110000000
0000000001111000000111000000
0000000001110000000111000000
0000000011110000000111100000
0000000111100000000011100000
0000000111100000000011100000
0000000111000000000011100000
0000000111000000000011100000
0000000111000000000011000000
0000000111000000000111000000
0000000111000000000111000000
0000000111000000001110000000
0000000111100000011110000000
0000000111111111111100000000
0000000011111111111000000000
0000000000111111100000000000
0000000000000000000000000000
0000000000000000000000000000
0000000000000000000000000000
0000000000000000000000000000
