0000000000000000000000000000
0000000000000000000000000000
0000000000000000000000000000
0000000000000000000000000000
0000000000000000000000000000
0000000000000000000000000000
0000000000000000000000000000
0000000000111100111111000000
0000000001111100111111100000
0000000011111100111111110000
0000001111111000000111110000
0000011111100000000001110000
0000111111000000000001110000
0000111110000000000001110000
0000111100000000000001110000
0000111000000000000001110000
0000111000000000000011110000
0000111000000000000111110000
0000111100000000011111100000
0000111111000001111111000000
0000001111111111111110000000
0000001111111111111000000000
0000000000110000000000000000
0000000000000000000000000000
0000000000000000000000000000
0000000000000000000000000000
0000000000000000000000000000
0000000000000000000000000000
