0000000000000000000000000000
0000000000000000000000000000
0000000000000000000000000000
0000000000000000000000000000
0000000000001111110000000000
0000000000111111111000000000
0000000000111111111100000000
0000000000011111111110000000
0000000000011111111111000000
0000000000111110000111000000
0000000001111100000011100000
0000000011110000000011110000
0000000011100000000001110000
0000000111100000000001110000
0000001111000000000001110000
0000001111000000000001110000
0000001110000000000011110000
0000001110000000000011110000
0000001110000000000111100000
0000000111000000001111000000
0000000111100000011111000000
0000000111110001111110000000
0000000011111111111100000000
0000000001111111110000000000
0000000000000000000000000000
0000000000000000000000000000
0000000000000000000000000000
0000000000000000000000000000
