0000000000000000000000000000
0000000000000000000000000000
0000000000000000000000000000
0000000000000000000000000000
0000000000111111111000000000
0000000011111111111110000000
0000000111111110001111100000
0000000111000000000011110000
0000001110000000000001110000
0000001110000000000000110000
0000001110000000000000110000
0000011100000000000000111000
0000011100000000000000111000
0000011100000000000000111000
0000011100000000000000110000
0000011000000000000001110000
0000011000000000000011110000
0000011100000000000011100000
0000011100000000000111000000
0000011110000000001111000000
0000001111000001111110000000
0000000111111111111000000000
0000000111111111110000000000
0000000011111110000000000000
0000000000000000000000000000
0000000000000000000000000000
0000000000000000000000000000
0000000000000000000000000000
