0000000000000000000000000000
0000000000000000000000000000
0000000000000000000000000000
0000000000000000000000000000
0000000000011111100000000000
0000000000111111100000000000
0000000001111111110000000000
0000000011111011111100000000
0000000111110001111110000000
0000001111100000001111100000
0000001111000000000011110000
0000001110000000000001111000
0000001110000000000000111100
0000001110000000000000111100
0000001110000000000000011100
0000001110000000000000011100
0000001110000000000000001100
0000001111000000000000011100
0000001111100000000000011100
0000000111110000000001111100
0000000011111111001111111000
0000000001111111111111100000
0000000000011111111110000000
0000000000000011111000000000
0000000000000000000000000000
0000000000000000000000000000
0000000000000000000000000000
0000000000000000000000000000
