0000000000000000000000000000
0000000000000000000000000000
0000000000000000000000000000
0000000000000000000000000000
0000000000111110000000000000
0000000001111110000000000000
0000000011111100000000000000
0000000011111111100000000000
0000000011111111111000000000
0000000011110111111000000000
0000000011100011111100000000
0000000011100000111110000000
0000000011100000011111000000
0000000011100000001111000000
0000000011100000001111000000
0000000011100000001111000000
0000000011100000001111000000
0000000011100000001111000000
0000000011100000001111000000
0000000001110000011110000000
0000000001111001111110000000
0000000000111111111100000000
0000000000111111111100000000
0000000000011111110000000000
0000000000000000000000000000
0000000000000000000000000000
0000000000000000000000000000
0000000000000000000000000000
