0000000000000000000000000000
0000000000000000000000000000
0000000000000000000000000000
0000000000000000000000000000
0000000000000000000000000000
0000000000000000001111000000
0000000000000011111111100000
0000000000000111111111110000
0000000000011111111111110000
0000000000111111111111110000
0000000001111111111111110000
0000000011111111111111110000
0000000111111111111110110000
0000001111111111111101110000
0000001111111111110001110000
0000011111111100000001110000
0000111111110000000011110000
0000111111100000000111110000
0000111111000000011111110000
0000111111000111111111100000
0000110111111111111111000000
0000110111111111111100000000
0000111011111111110000000000
0000111101111111000000000000
0000000000000000000000000000
0000000000000000000000000000
0000000000000000000000000000
0000000000000000000000000000
