0000000000000000000000000000
0000000000000000000000000000
0000000000000000000000000000
0000000000000000000000000000
0000000000000000000000000000
0000000000000110000000000000
0000000000111111000000000000
0000000011111111110000000000
0000001111111111111000000000
0000001111111111111110000000
0000011111100000111111000000
0000011111000000001111100000
0000011110000000000011110000
0000011110000000000011110000
0000011110000000000001111000
0000011111000000000000111000
0000001111000000000000111000
0000001111110000000000111000
0000000111111110000011111000
0000000111111111111111110000
0000000001111111111111100000
0000000000011111111111000000
0000000000000000000000000000
0000000000000000000000000000
0000000000000000000000000000
0000000000000000000000000000
0000000000000000000000000000
0000000000000000000000000000
