0000000000000000000000000000
0000000000000000000000000000
0000000000000000000000000000
0000000000000000000000000000
0000000000000000000000000000
0000000000000000000000000000
0000000000111000111000000000
0000000000111111111111000000
0000000001111111111111100000
0000000011111111111111100000
0000000011111000000011110000
0000000111110000000011110000
0000001110111000000001110000
0000011110000000000001110000
0000011100000000000001110000
0000111100000000000001110000
0000111000000000000011110000
0000111000000000000111110000
0000111100000000001111100000
0000111110000000111111000000
0000011111111111111110000000
0000001111111111111100000000
0000000111111111110000000000
0000000001111110000000000000
0000000000000000000000000000
0000000000000000000000000000
0000000000000000000000000000
0000000000000000000000000000
