0000000000000000000000000000
0000000000000000000000000000
0000000000000000000000000000
0000000000000000000000000000
0000000000011100000000000000
0000000011111111000000000000
0000000011111111111000000000
0000001111111111111100000000
0000001111111111111110000000
0000000001111000111110000000
0000000011110000011111000000
0000000011110000011111000000
0000000011110000011111100000
0000000011110000000111110000
0000000011100000000111110000
0000000011100000000011110000
0000000011100000000011110000
0000000111100000000011110000
0000000111100000000111100000
0000000011110000001111100000
0000000011111000011111000000
0000000011111111111110000000
0000000011111111111100000000
0000000000111111111000000000
0000000000000000000000000000
0000000000000000000000000000
0000000000000000000000000000
0000000000000000000000000000
