0000000000000000000000000000
0000000000000000000000000000
0000000000000000000000000000
0000000000000000000000000000
0000000000001111100000000000
0000000000011111100000000000
0000000000011111110000000000
0000000000011111111000000000
0000000000111111111100000000
0000000001111111111110000000
0000000001111110111110000000
0000000001111100011110000000
0000000001111000011110000000
0000000001111000011110000000
0000000001111000011110000000
0000000001111000011110000000
0000000001111000111110000000
0000000001111001111110000000
0000000001111011111110000000
0000000001111111111100000000
0000000000111111111000000000
0000000000011111111000000000
0000000000011111100000000000
0000000000000111100000000000
0000000000000000000000000000
0000000000000000000000000000
0000000000000000000000000000
0000000000000000000000000000
