0000000000000000000000000000
0000000000000000000000000000
0000000000000000000000000000
0000000000000000000000000000
0000000000000000000000000000
0000000000001111110000000000
0000000000011111110000000000
0000000000111110111000000000
0000000000111100011000000000
0000000001111000011000000000
0000000001110000011000000000
0000000001100000011000000000
0000000001100000011000000000
0000000011100000011100000000
0000000011100000011100000000
0000000001100000011100000000
0000000001100000011100000000
0000000001100000011100000000
0000000001100000011000000000
0000000001110000011000000000
0000000000110000011000000000
0000000000111000111000000000
0000000000011100111000000000
0000000000001111111000000000
0000000000000111110000000000
0000000000000000000000000000
0000000000000000000000000000
0000000000000000000000000000
