0000000000000000000000000000
0000000000000000000000000000
0000000000000000000000000000
0000000000000000000000000000
0000000000000000011111100000
0000000000000111111111110000
0000000000001111111111110000
0000000000111111000001110000
0000000001111111000001110000
0000000001111110000001110000
0000000011111000000001110000
0000000111111000000011110000
0000000111100000000011100000
0000001111100000000011100000
0000001111000000000011000000
0000001111000000000110000000
0000001110000000011110000000
0000011110000000011110000000
0000011110000000111110000000
0000011110000001111100000000
0000001110000111110000000000
0000001111111111110000000000
0000001111111111000000000000
0000000111111100000000000000
0000000000000000000000000000
0000000000000000000000000000
0000000000000000000000000000
0000000000000000000000000000
