0000000000000000000000000000
0000000000000000000000000000
0000000000000000000000000000
0000000000000000000000000000
0000000000000000000000000000
0000000000000000001110000000
0000000000000000111111110000
0000000000000011111111111000
0000000000000011111111111000
0000000000001111111110111000
0000000000011111100000111000
0000000000111111100001111000
0000000001111110000001111000
0000000011111110000001111000
0000001111111000000111110000
0000001111100000001111100000
0000011111100000111111100000
0000011110000001111111000000
0000011111111111111110000000
0000011111111111111000000000
0000011111111111110000000000
0000001111111110000000000000
0000001111111000000000000000
0000000000000000000000000000
0000000000000000000000000000
0000000000000000000000000000
0000000000000000000000000000
0000000000000000000000000000
