0000000000000000000000000000
0000000000000000000000000000
0000000000000000000000000000
0000000000000000000000000000
0000000000000000000000000000
0000000000000000011111111000
0000000000001111111111111000
0000000000111111111111111000
0000000000111111111101111000
0000000001111110000001111000
0000000011111110000001111000
0000000111111000000011111000
0000000111111000000011111000
0000000111110000000011110000
0000000111110000000111110000
0000000111110000000111100000
0000000111110000001111100000
0000001111100000011111000000
0000001111000001111110000000
0000001111000011111100000000
0000001110000111111100000000
0000011110011111111000000000
0000011111111111100000000000
0000011111111110000000000000
0000011111111000000000000000
0000000000000000000000000000
0000000000000000000000000000
0000000000000000000000000000
