0000000000000000000000000000
0000000000000000000000000000
0000000000000000000000000000
0000000000000000000000000000
0000000000000000000000000000
0000000000000001111111000000
0000000000000011111111000000
0000000001111111111111000000
0000000011111111111111000000
0000000111111111000111100000
0000001111100000000111100000
0000001111100000000111110000
0000001110000000000011110000
0000011110000000000111110000
0000111110000000000111100000
0000111110000000000111100000
0000111110000000000111100000
0000111110000000000111000000
0000011110000000001111000000
0000001110000000011111000000
0000001111111001111111000000
0000000111111111111100000000
0000000111111111111100000000
0000000001111111110000000000
0000000000111111000000000000
0000000000000000000000000000
0000000000000000000000000000
0000000000000000000000000000
