0000000000000000000000000000
0000000000000000000000000000
0000000000000000000000000000
0000000000000000000000000000
0000000000000000000000000000
0000000000000000000000000000
0000000000000000000000000000
0000000000000000000000000000
0000000000000000000000000000
0000000000000000111111100000
0000000001100111111111111000
0000000111111111111111111000
0000000111111110000000011000
0000001111111000000000011000
0000011111110000000000111000
0000011111100000000001111000
0000011011100000000111110000
0000011101111000011111000000
0000011111111111111110000000
0000001111111111111000000000
0000000011111100000000000000
0000000000000000000000000000
0000000000000000000000000000
0000000000000000000000000000
0000000000000000000000000000
0000000000000000000000000000
0000000000000000000000000000
0000000000000000000000000000
