0000000000000000000000000000
0000000000000000000000000000
0000000000000000000000000000
0000000000000000000000000000
0000000000001110000000000000
0000000000111111000000000000
0000000001111111110000000000
0000000011111111111100000000
0000000011111111111100000000
0000000111101110011110000000
0000000111001110011111000000
0000000111001110001111100000
0000000111000000000111100000
0000000111000000000011110000
0000000111000000000011110000
0000000111000000000001111000
0000000111000000000001111000
0000000111000000000001110000
0000000111000000000001110000
0000000111000000000011110000
0000000111100000000111110000
0000000111110000000111100000
0000000011111111111111000000
0000000011111111111111000000
0000000000000000000000000000
0000000000000000000000000000
0000000000000000000000000000
0000000000000000000000000000
