0000000000000000000000000000
0000000000000000000000000000
0000000000000000000000000000
0000000000000000000000000000
0000000000011111100000000000
0000000001111111110000000000
0000000001111111111000000000
0000000001111111111100000000
0000000011111101111110000000
0000000111111000111110000000
0000000111111100111110000000
0000001111111100111110000000
0000001111110000011110000000
0000001111100000011111000000
0000001111100000011111000000
0000001111000000011111000000
0000001111100000011111000000
0000000111100000111111000000
0000000111110000111111000000
0000000111111111111111000000
0000000011111111111110000000
0000000001111111111110000000
0000000000111111111110000000
0000000000011111111100000000
0000000000000000000000000000
0000000000000000000000000000
0000000000000000000000000000
0000000000000000000000000000
