0000000000000000000000000000
0000000000000000000000000000
0000000000000000000000000000
0000000000000000000000000000
0000000000000000111100000000
0000000000000001111110000000
0000000000000011111110000000
0000000000001111111100000000
0000000000011111001110000000
0000000000111110000110000000
0000000001111100000110000000
0000000011111000000111000000
0000000011110000000111000000
0000000111100000000111000000
0000000111000000000111000000
0000001111000000000111000000
0000001110000000000111000000
0000001110000000001110000000
0000001110000000001110000000
0000001110000000011110000000
0000001111000001111100000000
0000000111111111111000000000
0000000111111111110000000000
0000000011111111000000000000
0000000000000000000000000000
0000000000000000000000000000
0000000000000000000000000000
0000000000000000000000000000
