0000000000000000000000000000
0000000000000000000000000000
0000000000000000000000000000
0000000000000000000000000000
0000000000000000000000000000
0000000001111111110000000000
0000000011111111111000000000
0000000011100000011100000000
0000000111000000001110000000
0000001110000000000111000000
0000001110000000000111000000
0000001100000000000011000000
0000001110000000000011000000
0000001110000000000011000000
0000001110000000000011000000
0000001110000000000011000000
0000000110000000000011000000
0000000111000000000011000000
0000000111000000000011000000
0000000011100000000111000000
0000000011100000000111000000
0000000001110000001110000000
0000000000111100011110000000
0000000000011111111100000000
0000000000001111111000000000
0000000000000000000000000000
0000000000000000000000000000
0000000000000000000000000000
