0000000000000000000000000000
0000000000000000000000000000
0000000000000000000000000000
0000000000000000000000000000
0000000000001111110000000000
0000000000001111110000000000
0000000000011111110000000000
0000000000011111111000000000
0000000000111111111100000000
0000000000111111111100000000
0000000000111111111110000000
0000000000111111111110000000
0000000001111000011111000000
0000000001111000011111000000
0000000001111000011111000000
0000000011111000011111000000
0000000011111000001111000000
0000000011111000001111000000
0000000011111000011110000000
0000000001111001111110000000
0000000001111111111100000000
0000000001111111111100000000
0000000000111111110000000000
0000000000111111110000000000
0000000000000000000000000000
0000000000000000000000000000
0000000000000000000000000000
0000000000000000000000000000
