0000000000000000000000000000
0000000000000000000000000000
0000000000000000000000000000
0000000000000000000000000000
0000000000000011100000000000
0000000000000111100000000000
0000000000001111111111000000
0000000000011111111111000000
0000000000111110000011100000
0000000001111110000011100000
0000000001111100000001100000
0000000001111100000001100000
0000000001110100000001100000
0000000011100000000011100000
0000000011100000000011100000
0000000111000000000111100000
0000000111000000000111000000
0000000111000000000111000000
0000000111000000001111000000
0000000111000000011110000000
0000000111000001111100000000
0000000111111111111100000000
0000000011111111110000000000
0000000001111110000000000000
0000000000000000000000000000
0000000000000000000000000000
0000000000000000000000000000
0000000000000000000000000000
