0000000000000000000000000000
0000000000000000000000000000
0000000000000000000000000000
0000000000000000000000000000
0000000000000011111100000000
0000000000000111111100000000
0000000000011111111110000000
0000000000111111001110000000
0000000000111111000110000000
0000000000011111000110000000
0000000000011100000110000000
0000000000111100000110000000
0000000001111000000110000000
0000000001111000000110000000
0000000011110000000110000000
0000000011100000000110000000
0000000111100000001110000000
0000000111000000001110000000
0000000111000000011100000000
0000000111000000111100000000
0000000111000011111000000000
0000000111001111110000000000
0000000111111111000000000000
0000000111111110000000000000
0000000000000000000000000000
0000000000000000000000000000
0000000000000000000000000000
0000000000000000000000000000
