0000000000000000000000000000
0000000000000000000000000000
0000000000000000000000000000
0000000000000000000000000000
0000000000000000011111100000
0000000000000001111111100000
0000000000000011111111100000
0000000000000111111111110000
0000000000001111111111111000
0000000000111111000001111000
0000000000111110000000111000
0000000001111110000000111000
0000000011111100000000111000
0000000111111100000001111000
0000001111111100000011111000
0000001111011110000011110000
0000011111011110000111100000
0000011111000000001111100000
0000011110000000011111000000
0000011100000001111100000000
0000011100011111111100000000
0000011111111111110000000000
0000011111111111100000000000
0000011111111110000000000000
0000000000000000000000000000
0000000000000000000000000000
0000000000000000000000000000
0000000000000000000000000000
