0000000000000000000000000000
0000000000000000000000000000
0000000000000000000000000000
0000000000000000000000000000
0000000000000000000000000000
0000000000000111111100000000
0000000000011111111111000000
0000000000111111111111000000
0000000011111100001111100000
0000000011110000000111100000
0000000011110000000111100000
0000000111100000000011100000
0000000111100000000011100000
0000000111100000000011100000
0000000111000000000111100000
0000000111000000000111100000
0000000111000000001111100000
0000000111000000001111000000
0000000111000000011110000000
0000000111000001111100000000
0000000111000011111100000000
0000000111001111111000000000
0000000111111111100000000000
0000000111111110000000000000
0000000011111000000000000000
0000000000000000000000000000
0000000000000000000000000000
0000000000000000000000000000
