0000000000000000000000000000
0000000000000000000000000000
0000000000000000000000000000
0000000000000000000000000000
0000000000000000000000000000
0000000000000111111000000000
0000000000001111111100000000
0000000000111111111100000000
0000000000111111011110000000
0000000000111110011110000000
0000000000111110001110000000
0000000000111100001111000000
0000000000111100001111000000
0000000001111000001111000000
0000000001111000001111000000
0000000001111000001111000000
0000000011111000001111000000
0000000011110000001110000000
0000000011111000011110000000
0000000011111000111100000000
0000000001110001111100000000
0000000001111001111100000000
0000000001111111111000000000
0000000000111111110000000000
0000000000111111110000000000
0000000000000000000000000000
0000000000000000000000000000
0000000000000000000000000000
