0000000000000000000000000000
0000000000000000000000000000
0000000000000000000000000000
0000000000000000000000000000
0000000000000001111111100000
0000000000000111111111110000
0000000000000111111111110000
0000000000011111111111110000
0000000000011111110011110000
0000000000011111100011110000
0000000001111111100111110000
0000000001111110000111110000
0000000011111110001111110000
0000000011111100001111100000
0000000111111000001111000000
0000001111110000111111000000
0000001111110000111110000000
0000001111100001111110000000
0000011111000001111100000000
0000011111001111111000000000
0000011111111111111000000000
0000011111111111100000000000
0000011111111111000000000000
0000001111111100000000000000
0000000000000000000000000000
0000000000000000000000000000
0000000000000000000000000000
0000000000000000000000000000
