0000000000000000000000000000
0000000000000000000000000000
0000000000000000000000000000
0000000000000000000000000000
0000000000000001110000000000
0000000000000001111100000000
0000000000001111111111000000
0000000000011111111111100000
0000000000011111101111110000
0000000000111110000011110000
0000000001111110000011110000
0000000011111100000011110000
0000000011111000000011110000
0000000011111000000011110000
0000000111110000000011100000
0000001111110000000011100000
0000000111100000001111100000
0000001111100000011111000000
0000001111000000111111000000
0000011110000001111100000000
0000001110000111111000000000
0000011111111111110000000000
0000011111111111000000000000
0000000111111110000000000000
0000000000000000000000000000
0000000000000000000000000000
0000000000000000000000000000
0000000000000000000000000000
