0000000000000000000000000000
0000000000000000000000000000
0000000000000000000000000000
0000000000000000000000000000
0000000000000011111000000000
0000000000001111111100000000
0000000000011101111110000000
0000000000111000111110000000
0000000000111000011111000000
0000000001110000001111000000
0000000011100000000111000000
0000000111100000000111000000
0000000111000000000111000000
0000000110000000000111000000
0000001110000000001110000000
0000001110000000001110000000
0000001110000000011110000000
0000001110000000111110000000
0000001110000001111000000000
0000001110000011110000000000
0000001110000111110000000000
0000001111011111100000000000
0000000111111111000000000000
0000000111111100000000000000
0000000000000000000000000000
0000000000000000000000000000
0000000000000000000000000000
0000000000000000000000000000
