0000000000000000000000000000
0000000000000000000000000000
0000000000000000000000000000
0000000000000000000000000000
0000000000000011110000000000
0000000000000111110000000000
0000000000001111111110000000
0000000000001111111111000000
0000000000011110001111100000
0000000000111100000011100000
0000000000111000000011110000
0000000001111000000001110000
0000000011110000000001100000
0000000111100000000011100000
0000000111100000000011100000
0000000111000000000011100000
0000001111000000000111100000
0000001110000000001111100000
0000001110000000011111000000
0000001110000000111110000000
0000001111000011111100000000
0000001111111111110000000000
0000000111111111100000000000
0000000001111110000000000000
0000000000000000000000000000
0000000000000000000000000000
0000000000000000000000000000
0000000000000000000000000000
