0000000000000000000000000000
0000000000000000000000000000
0000000000000000000000000000
0000000000000000000000000000
0000000000000001111100000000
0000000000011111111100000000
0000000001111111111100000000
0000000111111111111110000000
0000001111111111111111100000
0000011111100011111111100000
0000111111100000111111100000
0000111111000000001111100000
0000111110000000000111110000
0000111110000000000111110000
0000111110000000000111100000
0000111110000000000111100000
0000111110000000000111100000
0000111111000000001111100000
0000011111100000011111100000
0000011111110000111111100000
0000001111111111111111000000
0000000111111111111110000000
0000000011111111111100000000
0000000000111111110000000000
0000000000000000000000000000
0000000000000000000000000000
0000000000000000000000000000
0000000000000000000000000000
