0000000000000000000000000000
0000000000000000000000000000
0000000000000000000000000000
0000000000000000000000000000
0000000000000001111100000000
0000000000000011111110000000
0000000000000111111111000000
0000000001111111111111000000
0000000011111110001111000000
0000000111111110001111000000
0000000111111100001111100000
0000000111111100001111100000
0000001111111000001111000000
0000001111111000001111000000
0000001110011000011111000000
0000011110000000011111000000
0000011110000000111110000000
0000011110000000111110000000
0000011110000001111110000000
0000011111000111111100000000
0000011111111111111100000000
0000001111111111111000000000
0000000111111111110000000000
0000000011111111000000000000
0000000000000000000000000000
0000000000000000000000000000
0000000000000000000000000000
0000000000000000000000000000
