0000000000000000000000000000
0000000000000000000000000000
0000000000000000000000000000
0000000000000000000000000000
0000000000000001111111000000
0000000000000111111111100000
0000000000001111111111110000
0000000000001111111111110000
0000000000011111000011110000
0000000001111110000001110000
0000000001111000000001110000
0000000011110000000000111000
0000001111100000000001111000
0000001111000000000001110000
0000001110000000000011110000
0000011110000000000111100000
0000011110000000001111100000
0000011100000000011111000000
0000011100000001111111000000
0000011100001111111100000000
0000011111111111111000000000
0000011111111111100000000000
0000011111111110000000000000
0000011111111100000000000000
0000000000000000000000000000
0000000000000000000000000000
0000000000000000000000000000
0000000000000000000000000000
