0000000000000000000000000000
0000000000000000000000000000
0000000000000000000000000000
0000000000000000000000000000
0000000000000000000000000000
0000000000011111111110000000
0000000000011111111111000000
0000000000111111111111000000
0000000000111111110111000000
0000000001111110000111000000
0000000001111110000111000000
0000000001111100000111000000
0000000011110000000111000000
0000000011100000000111000000
0000000011100000001110000000
0000000011100000001110000000
0000000011100000001110000000
0000000011100000011100000000
0000000011100000111100000000
0000000011110000111100000000
0000000011110001111000000000
0000000001110001111000000000
0000000001111111110000000000
0000000000111111100000000000
0000000000111111000000000000
0000000000000000000000000000
0000000000000000000000000000
0000000000000000000000000000
