0000000000000000000000000000
0000000000000000000000000000
0000000000000000001100000000
0000000000000011001100000000
0000000000001111001110000000
0000000000001111001111000000
0000000000011111001111000000
0000000000111100000111100000
0000000001111100000111100000
0000000011111100000111100000
0000000011111000000001110000
0000000111110000000001110000
0000001111100000000001110000
0000011111000000000001110000
0000011110000000000001110000
0000111110000000000001110000
0000111100000000000111110000
0000111000000000001111100000
0000111000000000011111100000
0000111111111111111111100000
0000011111111111111110000000
0000001111111111110000000000
0000000000000000000000000000
0000000000000000000000000000
0000000000000000000000000000
0000000000000000000000000000
0000000000000000000000000000
0000000000000000000000000000
