0000000000000000000000000000
0000000000000000000000000000
0000000000000000000000000000
0000000000000000000000000000
0000000000000000000000000000
0000000000000000000011100000
0000000000000000111111100000
0000000000000111111111110000
0000000000011111111111110000
0000000000111111111011110000
0000000011111110000001110000
0000000111111000000001110000
0000001111110000000001110000
0000011111000000000001110000
0000111110000000000001110000
0000111100000000000001110000
0000111110000000000011110000
0000111111000000000111100000
0000111111110000000111100000
0000011111111111111111000000
0000000111111111111110000000
0000000001111111111100000000
0000000000011111110000000000
0000000000000000000000000000
0000000000000000000000000000
0000000000000000000000000000
0000000000000000000000000000
0000000000000000000000000000
