0000000000000000000000000000
0000000000000000000000000000
0000000000000000000000000000
0000000000000000000000000000
0000000000000011111000000000
0000000000001111111110000000
0000000000001111111110000000
0000000000011111111110000000
0000000000111111111110000000
0000000001111111011110000000
0000000001111111011110000000
0000000001111110001111000000
0000000011111000001111000000
0000000011111000001111000000
0000000111110000000111000000
0000000111110000000011100000
0000000111110000000011110000
0000000111000000000011110000
0000001111000000000011110000
0000001111111000011111110000
0000001111111111111111000000
0000000111111111111111000000
0000000111111111111111000000
0000000011111111111000000000
0000000000000000000000000000
0000000000000000000000000000
0000000000000000000000000000
0000000000000000000000000000
