0000000000000000000000000000
0000000000000000000000000000
0000000000000000000000000000
0000000000000111110000000000
0000000000000111111000000000
0000000000011111111100000000
0000000001111111111110000000
0000000001111111111111000000
0000000111111111111111100000
0000000111111100011111100000
0000011111111000001111110000
0000011111100000001111110000
0000011111000000001111110000
0000111111000000000111110000
0000111100000000000111110000
0000111100000000000111110000
0000111100000000000111110000
0000111111110111111111110000
0000111111111111111111110000
0000111111111111111111110000
0000011111111111111111100000
0000011111111111111111000000
0000000111111111110000000000
0000000000000000000000000000
0000000000000000000000000000
0000000000000000000000000000
0000000000000000000000000000
0000000000000000000000000000
