0000000000000000000000000000
0000000000000000000000000000
0000000000000000000000000000
0000000000000000000000000000
0000000000000000000000000000
0000000000001111110000000000
0000000000111111110000000000
0000000001111111111000000000
0000000001111111111110000000
0000000011111111111111000000
0000000011110011111111000000
0000000111100001111111100000
0000001111100001101111100000
0000001111000000100111100000
0000001111000000001111100000
0000011110000000001111100000
0000011110000000001111000000
0000011110000000011111000000
0000011110000000111110000000
0000001111000000111110000000
0000001111100011111100000000
0000001111111111111000000000
0000001111111111110000000000
0000000111111111110000000000
0000000011111111100000000000
0000000000000000000000000000
0000000000000000000000000000
0000000000000000000000000000
