0000000000000000000000000000
0000000000000000000000000000
0000000000000000000000000000
0000000000000000000000000000
0000000000000000000000000000
0000000000001111111000000000
0000000000001111111000000000
0000000000111111111000000000
0000000001111111111000000000
0000000011111111111000000000
0000000011111110111100000000
0000000011111000111110000000
0000000011110000001110000000
0000000111100000001111000000
0000000111100000001111000000
0000000111100000001111100000
0000000111100000001111100000
0000000111100000001111100000
0000000111100000001111100000
0000000011110000001111000000
0000000011111100111111000000
0000000001111111111110000000
0000000001111111111110000000
0000000000011111111000000000
0000000000000111111000000000
0000000000000000000000000000
0000000000000000000000000000
0000000000000000000000000000
