0000000000000000000000000000
0000000000000000000000000000
0000000000000000000000000000
0000000000000000000000000000
0000000000000011100000000000
0000000000000111111000000000
0000000000001111111100000000
0000000000011110111110000000
0000000000111100111110000000
0000000000111100111111000000
0000000001111000011111000000
0000000001110000001111000000
0000000011110000000111000000
0000000011100000000111000000
0000000111100000000111000000
0000000111000000001111000000
0000001111000000011111000000
0000001111000000111111000000
0000001110000001111110000000
0000001110000011111100000000
0000011110001111110000000000
0000011111111111100000000000
0000001111111111000000000000
0000001111111100000000000000
0000000000000000000000000000
0000000000000000000000000000
0000000000000000000000000000
0000000000000000000000000000
