0000000000000000000000000000
0000000000000000000000000000
0000000000000000000000000000
0000000000000000000000000000
0000000000000000000000000000
0000000000011111111111100000
0000000000111111111111110000
0000000000111111111111110000
0000000000111110000011110000
0000000011111110000011110000
0000001111111000000011100000
0000011111100000000011110000
0000011111000000000001111000
0000011111000000000001111000
0000011111000000000011111000
0000011111000000000011110000
0000011111000000000111110000
0000011111000000001111100000
0000011111000000011111100000
0000011111000000111111000000
0000011111111011111110000000
0000001111111111111100000000
0000001111111111111100000000
0000000111111111111000000000
0000000000111111100000000000
0000000000000000000000000000
0000000000000000000000000000
0000000000000000000000000000
