0000000000000000000000000000
0000000000000000000000000000
0000000000000000000000000000
0000000000000000000000000000
0000000000000011110000000000
0000000000000011110000000000
0000000000000111110000000000
0000000000000111110000000000
0000000000001111111000000000
0000000000001111111000000000
0000000000001110111100000000
0000000000001110011100000000
0000000000011100011100000000
0000000000111100011100000000
0000000000111100011100000000
0000000000111100011100000000
0000000000111000111100000000
0000000000111000111000000000
0000000000111000111000000000
0000000000111001111000000000
0000000000111011110000000000
0000000000111111110000000000
0000000000111111100000000000
0000000000011111100000000000
0000000000000000000000000000
0000000000000000000000000000
0000000000000000000000000000
0000000000000000000000000000
