0000000000000000000000000000
0000000000000000000000000000
0000000000000000000000000000
0000000000000000000000000000
0000000000000000000000000000
0000000000001111110000000000
0000000000011111111000000000
0000000000111111111100000000
0000000000111111111111000000
0000000000111110111111000000
0000000001111100011111000000
0000000011111100011111000000
0000000011111100001111000000
0000000011111000001111000000
0000000011111000001111000000
0000000011111000001111000000
0000000011110000011111000000
0000000011111000011111000000
0000000011111000011110000000
0000000011111000111100000000
0000000011111001111100000000
0000000011111111111100000000
0000000001111111111000000000
0000000000111111110000000000
0000000000011111100000000000
0000000000000000000000000000
0000000000000000000000000000
0000000000000000000000000000
