0000000000000000000000000000
0000000000000000000000000000
0000000000000000000000000000
0000000000000000000000000000
0000000000000000000000000000
0000000000000001111100000000
0000000000000011111111100000
0000000000001111111111100000
0000000000011111111111110000
0000000000111111111111110000
0000000001111110111111110000
0000000011111110000011110000
0000000111111100000011110000
0000100111111000000111110000
0000101111110000001111110000
0000011111100000011111100000
0000011111000001111111000000
0000111110000001111110000000
0000111110001111111110000000
0000111111111111111110000000
0000111111111111110000000000
0000111111111111000000000000
0000011111111100000000000000
0000000000000000000000000000
0000000000000000000000000000
0000000000000000000000000000
0000000000000000000000000000
0000000000000000000000000000
