0000000000000000000000000000
0000000000000000000000000000
0000000000000000000000000000
0000000000000000000000000000
0000000001111111000000000000
0000000001111111111100000000
0000000011111111111110000000
0000000011110001111111000000
0000000111110000011111000000
0000001111100000001111100000
0000001111000000001111100000
0000001111000000000111100000
0000011110000000000011100000
0000011110000000000011100000
0000111100000000000011100000
0000111100000000000111100000
0000011100000000000111100000
0000011110000000000111100000
0000011111000000011111000000
0000001111110000111111000000
0000001111111111111111000000
0000001111111111111110000000
0000000111111111111000000000
0000000011111111111000000000
0000000000000000000000000000
0000000000000000000000000000
0000000000000000000000000000
0000000000000000000000000000
