0000000000000000000000000000
0000000000000000000000000000
0000000000000000000000000000
0000000000000000000000000000
0000000000100001111110000000
0000000000100011111111000000
0000000000001111111111000000
0000000000011111111111000000
0000000000011111111111000000
0000000000111110111111100000
0000000000111110011111100000
0000000001111100001111100000
0000000011111100000011110000
0000000111111000000011110000
0000000111110000000011110000
0000000111110000000011110000
0000000111100000000111110000
0000001111000000001111110000
0000001111000000011111100000
0000001111000000111111000000
0000001111111111111110000000
0000001111111111111100000000
0000000111111111110000000000
0000000111111110000000000000
0000000000000000000000000000
0000000000000000000000000000
0000000000000000000000000000
0000000000000000000000000000
