0000000000000000000000000000
0000000000000000000000000000
0000000000000000000000000000
0000000000000001110000000000
0000000000000011111100000000
0000000000000111111100000000
0000000000001111111100000000
0000000000011111101110000000
0000000000011111000110000000
0000000000111111000110000000
0000000000111100000110000000
0000000001111000000110000000
0000000001111000001110000000
0000000011111000001110000000
0000000011110000001110000000
0000000111110000001110000000
0000000111100000001110000000
0000000111100000011110000000
0000000111000000011100000000
0000000111111111111100000000
0000000111111111111100000000
0000000111111111111100001000
0000000011111111111000001000
0000000000000000000000000000
0000000000000000000000000000
0000000000000000000000000000
0000000000000000000000000000
0000000000000000000000000000
