0000000000000000000000000000
0000000000000000000000000000
0000000000000000000000000000
0000000000000000000000000000
0000000000000000000000000000
0000000000000000000000000000
0000000000011111100000000000
0000000000111111110000000000
0000000001111111111000000000
0000000111111111111110000000
0000001111111011111111000000
0000011111110011011111100000
0000111111000000000111110000
0000111110000000000011110000
0000111000000000000011110000
0000111000000000000011110000
0000111100000000000011110000
0000111111100000000111110000
0000011111110000001111110000
0000001111111111111111100000
0000000111111111111111000000
0000000000011111111100000000
0000000000000000000000000000
0000000000000000000000000000
0000000000000000000000000000
0000000000000000000000000000
0000000000000000000000000000
0000000000000000000000000000
