0000000000000000000000000000
0000000000000000000000000000
0000000000000000000000000000
0000000000000000000000000000
0000000000000000000000000000
0000000000000011111000000000
0000000000000111111100000000
0000000000001111111110000000
0000000000111111011110000000
0000000000111111001111000000
0000000000111110001111000000
0000000001111000000111000000
0000000001111000000111000000
0000000001111000000111000000
0000000001110000001111000000
0000000011110000011111000000
0000000011100000011110000000
0000000011100000111110000000
0000000011100001111100000000
0000000011100011111000000000
0000000011100111110000000000
0000000011101111100000000000
0000000011111111100000000000
0000000011111110000000000000
0000000001111100000000000000
0000000000000000000000000000
0000000000000000000000000000
0000000000000000000000000000
