0000000000000000000000000000
0000000000000000000000000000
0000000000000000000000000000
0000000000000000000000000000
0000000000011111100000000000
0000000001111111110000000000
0000000011111111111000000000
0000000011111111111000000000
0000000111100111111100000000
0000000111100000111110000000
0000000111000000011110000000
0000001110000000001111000000
0000001110000000000111000000
0000001110000000000111000000
0000001100000000000011000000
0000001100000000000011000000
0000001100000000000011000000
0000001110000000000111000000
0000001111000000001111000000
0000001111000000001111000000
0000000111111000111110000000
0000000011111111111100000000
0000000001111111111000000000
0000000000111111110000000000
0000000000000000000000000000
0000000000000000000000000000
0000000000000000000000000000
0000000000000000000000000000
