0000000000000000000000000000
0000000000000000000000000000
0000000000000000000000000000
0000000000000000000000000000
0000000000000000000000000000
0000000000000000111111100000
0000000000000111111111110000
0000000000001111111111111000
0000000000111111111111111000
0000000000111111111011111000
0000000001111111100001111000
0000000001111110000011111000
0000000001111110000011111000
0000000011111100000011110000
0000001111111000000111110000
0000011111100000011111100000
0000011111000000111111100000
0000011110000001111110000000
0000011100000001111110000000
0000011111000011111100000000
0000011111111111111100000000
0000011111111111110000000000
0000001111111111110000000000
0000000111111111100000000000
0000000011111110000000000000
0000000000000000000000000000
0000000000000000000000000000
0000000000000000000000000000
