0000000000000000000000000000
0000000000000000000000000000
0000000000000000000000000000
0000000000000000000000000000
0000000000000000000000000000
0000000000001111111000000000
0000000000011111111100000000
0000000000111111111110000000
0000000000111111111111000000
0000000000111111111111100000
0000000001111111101111100000
0000000011111110001111100000
0000000111111110000111100000
0000000111111100001111100000
0000000111111100001111100000
0000001111110000001111100000
0000001111110000111111100000
0000001111110000111111000000
0000001111110001111110000000
0000001111100111111100000000
0000001111111111111000000000
0000000111111111111000000000
0000000111111111110000000000
0000000011111111100000000000
0000000001111110000000000000
0000000000000000000000000000
0000000000000000000000000000
0000000000000000000000000000
