0000000000000000000000000000
0000000000000000000000000000
0000000000000000000000000000
0000000000000000000000000000
0000000000000000000000000000
0000000000001111000000000000
0000000000011111111111000000
0000000000111111111111100000
0000000001111111111111110000
0000000001111111111111110000
0000000011110111000011110000
0000000111110111000001110000
0000000111100110000001110000
0000001111000110000001110000
0000001111000110000011110000
0000011110000000000111100000
0000111100000000000111100000
0000111100000000001111100000
0000111100000000011111000000
0000111000000011111110000000
0000111000001111111100000000
0000111111111111110000000000
0000111111111111000000000000
0000111111111100000000000000
0000001111110000000000000000
0000000000000000000000000000
0000000000000000000000000000
0000000000000000000000000000
