0000000000000000000000000000
0000000000000000000000000000
0000000000000000000000000000
0000000000001111000000000000
0000000000011111000000000000
0000000000011111000000000000
0000000000111111100000000000
0000000000111111110000000000
0000000001111111111100000000
0000000011111111111110000000
0000000011111111111110000000
0000000011111111111111000000
0000000011111011111111000000
0000000111110011011111100000
0000000111110000001111100000
0000000111110000000111100000
0000000111100000000111100000
0000000111100000000011100000
0000000111100000000111100000
0000000111100000011111100000
0000000111100011111111100000
0000000111111111111111100000
0000000111111111111111000000
0000000000000000000000000000
0000000000000000000000000000
0000000000000000000000000000
0000000000000000000000000000
0000000000000000000000000000
