0000000000000000000000000000
0000000000000000000000000000
0000000000000000000000000000
0000000000000000000000000000
0000000000000000000000000000
0000000000011111111111000000
0000000001111111111111000000
0000000011111111111111100000
0000001111111111111111110000
0000001111111111111111110000
0000011111111111111111110000
0000111111111100011111110000
0000111111110000001111110000
0000111111000000000111110000
0000111110000000000011110000
0000111100000000000111110000
0000111100000000000111110000
0000111000000000011111110000
0000111100000011111111100000
0000111111111111111111100000
0000111111111111111111000000
0000111111111111111111000000
0000011111111111111111000000
0000001111111111111100000000
0000000111111111100000000000
0000000000000000000000000000
0000000000000000000000000000
0000000000000000000000000000
