0000000000000000000000000000
0000000000000000000000000000
0000000000000000000000000000
0000000000000000000000000000
0000000000011111111000000000
0000000000111111111100000000
0000000001111111111110000000
0000000001111111111111000000
0000000001111100111111000000
0000000111111100001111100000
0000000111110000000111100000
0000000111110000000111100000
0000000111100000000011100000
0000000111000000000011100000
0000000111000000000011100000
0000000111000000000011100000
0000001111000000000011100000
0000001111000000000111100000
0000001111000000011111100000
0000001111100000111111000000
0000001111111111111110000000
0000000111111111111110000000
0000000011111111111000000000
0000000001111111100000000000
0000000000000000000000000000
0000000000000000000000000000
0000000000000000000000000000
0000000000000000000000000000
