0000000000000000000000000000
0000000000000000000000000000
0000000000000000000000000000
0000000000000000001111000000
0000000000000000111111000000
0000000000000001111110000000
0000000000000011111110000000
0000000000000111111110000000
0000000000011111111110000000
0000000000111111001111100000
0000000000111110000111100000
0000000001111100000111100000
0000000011111000000111100000
0000000111110000000111100000
0000000111110000000111100000
0000001111100000001111100000
0000011111000000111111100000
0000011110000001111111000000
0000011111111111111110000000
0000011111111111111110000000
0000011111111111111000000000
0000011111111111110000000000
0000001111111111000000000000
0000000000000000000000000000
0000000000000000000000000000
0000000000000000000000000000
0000000000000000000000000000
0000000000000000000000000000
