0000000000000000000000000000
0000000000000000000000000000
0000000000000000000000000000
0000000000000000000000000000
0000000000000000000000000000
0000000000000000001100000000
0000000000000001111111000000
0000000000000011111111100000
0000000000000111111111100000
0000000000011111111111110000
0000000000111111111111110000
0000000001111111100011110000
0000000011111111100011110000
0000000111111111100011110000
0000001111111111100111100000
0000011111110000000111100000
0000011111110000001111100000
0000111111000000111111000000
0000111110000000111110000000
0000111100000011111100000000
0000111100000111111100000000
0000111111111111110000000000
0000111111111111000000000000
0000011111111110000000000000
0000001111110000000000000000
0000000000000000000000000000
0000000000000000000000000000
0000000000000000000000000000
