0000000000000000000000000000
0000000000000000000000000000
0000000000000000000000000000
0000000000000000000000000000
0000000000000011100000000000
0000000000000111111000000000
0000000000001111111100000000
0000000000011110111110000000
0000000000111100001111000000
0000000000111100001111000000
0000000001111000000111000000
0000000001110000000111000000
0000000001110000000111000000
0000000011110000000111000000
0000000011100000001111000000
0000000011100000001111000000
0000000011100000001111000000
0000000011100000001110000000
0000000011100000011100000000
0000000011100000111100000000
0000000011110001111000000000
0000000001111111110000000000
0000000001111111110000000000
0000000000111111000000000000
0000000000000000000000000000
0000000000000000000000000000
0000000000000000000000000000
0000000000000000000000000000
