0000000000000000000000000000
0000000000000000000000000000
0000000000000000000000000000
0000000000000000000000000000
0000000000111111100000000000
0000000000111111111000000000
0000000000111111111110000000
0000000000001111111111000000
0000000000001111111111100000
0000000000111111111111100000
0000000001111110011111110000
0000000011111110001111110000
0000000011111110000111111000
0000000111111000000011111000
0000001111110000000011110000
0000001111100000000111110000
0000011111000000000111110000
0000011110000000011111100000
0000011110000001111111000000
0000011111111111111111000000
0000011111111111111110000000
0000011111111111111000000000
0000011111111111100000000000
0000011111111111000000000000
0000000000000000000000000000
0000000000000000000000000000
0000000000000000000000000000
0000000000000000000000000000
