0000000000000000000000000000
0000000000000000000000000000
0000000000000000000000000000
0000000000000000000000000000
0000000000000000000000000000
0000000000000111111111000000
0000000000000111111111100000
0000000000111111111111100000
0000000001111111111111110000
0000000011111110000011110000
0000000111111110000001110000
0000001111111100000001110000
0000001111100000000001110000
0000001111100000000001110000
0000001111000000000001110000
0000001110000000000011110000
0000001110000000000011110000
0000001110000000000111100000
0000011110000000001111100000
0000011110000000001111100000
0000011110000000111110000000
0000001111111111111110000000
0000001111111111111100000000
0000001111111111111000000000
0000000111111111000000000000
0000000000000000000000000000
0000000000000000000000000000
0000000000000000000000000000
