0000000000000000000000000000
0000000000000000000000000000
0000000000000000000000000000
0000000000000000000000000000
0000000000000000000000000000
0000000000000111111111100000
0000000000001111111111100000
0000000000111111111111110000
0000000000111111111111110000
0000000001111111000111110000
0000000111111110000011110000
0000000111111000000001110000
0000000111110000000011110000
0000001111100000000111110000
0000001111100000000111110000
0000011111000000000111100000
0000011111000000011111100000
0000011100000000111111000000
0000011100000000111111000000
0000011110000011111100000000
0000011111000111111100000000
0000011111111111111100000000
0000011111111111110000000000
0000000111111111100000000000
0000000111111110000000000000
0000000000000000000000000000
0000000000000000000000000000
0000000000000000000000000000
