0000000000000000000000000000
0000000000000000000000000000
0000000000000000000000000000
0000000000000000000000000000
0000000000000011111000000000
0000000000000111111100000000
0000000000001111111100000000
0000000000011110001100000000
0000000000011100011100000000
0000000000111111111100000000
0000000001111111111100000000
0000000001111111111100000000
0000000011111111111100000000
0000000011111110111110000000
0000000011111100001110000000
0000000011011100001100000000
0000000111011110001100000000
0000000111011110011100000000
0000000111001110111100000000
0000000111000001111000000000
0000000111100011110000000000
0000000011111111110000000000
0000000011111111100000000000
0000000001111110000000000000
0000000000000000000000000000
0000000000000000000000000000
0000000000000000000000000000
0000000000000000000000000000
