0000000000000000000000000000
0000000000000000000000000000
0000000000000000000000000000
0000000000000000000000000000
0000000000000111111000000000
0000000000000111111000000000
0000000000000111111110000000
0000000000001111111111000000
0000000000011111111111000000
0000000001111111001111100000
0000000001111100001111100000
0000000011111000001111100000
0000000111111000001111100000
0000001111100000001111000000
0000001111000000001111000000
0000001111000000011111000000
0000011111000000011110000000
0000011111000000111110000000
0000011110000000111110000000
0000011111000111111100000000
0000011111111111111100000000
0000011111111111111000000000
0000001111111111100000000000
0000000111111111000000000000
0000000000000000000000000000
0000000000000000000000000000
0000000000000000000000000000
0000000000000000000000000000
