0000000000000000000000000000
0000000000000000000000000000
0000000000000000000000000000
0000000000000000000000000000
0000000000000001111000000000
0000000000000011111100000000
0000000000001111111100000000
0000000000011111001110000000
0000000000011110001110000000
0000000000111110001110000000
0000000000111000000110000000
0000000000111000000110000000
0000000001110000001110000000
0000000001110000001110000000
0000000001110000001110000000
0000000001110000001110000000
0000000001110000011100000000
0000000001100000011100000000
0000000001100000111100000000
0000000001100001111000000000
0000000001110011110000000000
0000000001111111110000000000
0000000001111111000000000000
0000000000111110000000000000
0000000000000000000000000000
0000000000000000000000000000
0000000000000000000000000000
0000000000000000000000000000
