0000000000000000000000000000
0000000000000000000000000000
0000000000000000000000000000
0000000000000000000000000000
0000000000001111111110000000
0000000000011111111111000000
0000000000111111111111100000
0000000000111111101111100000
0000000001111100000111110000
0000000011111100000011110000
0000000011111000000011110000
0000000111110000000011110000
0000000111100000000001111000
0000001111100000000001111000
0000001111000000000001111000
0000011111000000000011111000
0000011110000000000011110000
0000011110000000001111110000
0000011110000000011111100000
0000011110000001111111000000
0000011110001111111100000000
0000011111111111111000000000
0000011111111111110000000000
0000001111111110000000000000
0000000000000000000000000000
0000000000000000000000000000
0000000000000000000000000000
0000000000000000000000000000
