0000000000000000000000000000
0000000000000000000000000000
0000000000000000000000000000
0000000000000000000000000000
0000000000000001111000000000
0000000000000111111100000000
0000000000001111111110000000
0000000000011111111110000000
0000000000011111011111000000
0000000001111110001111000000
0000000001111100001111100000
0000000011111100001111100000
0000000011110000000011110000
0000000111100000000011110000
0000001111100000000011110000
0000001111000000000011100000
0000001111000000000111100000
0000001110000000001111000000
0000001110000000111111000000
0000001110000011111110000000
0000001110001111111000000000
0000001111111111110000000000
0000001111111111000000000000
0000001111111100000000000000
0000000000000000000000000000
0000000000000000000000000000
0000000000000000000000000000
0000000000000000000000000000
