0000000000000000000000000000
0000000000000000000000000000
0000000000000000000000000000
0000000000000000000000000000
0000000000000000011100000000
0000000000000001111110000000
0000000000000011111110000000
0000000000001111111111110000
0000000000001111111111110000
0000000000011111111111110000
0000000000111111110001110000
0000000000111110000011110000
0000000111111000000011110000
0000000111110000000011110000
0000001111100000000111110000
0000011111000000001111110000
0000011111000000011111100000
0000011110000000111111100000
0000111100000011111110000000
0000111100000111111100000000
0000111100011111111000000000
0000111101111111110000000000
0000111111111111100000000000
0000011111111110000000000000
0000000000000000000000000000
0000000000000000000000000000
0000000000000000000000000000
0000000000000000000000000000
