0000000000000000000000000000
0000000000000000000000000000
0000000000000000000000000000
0000000000000000000000000000
0000000000000000000000000000
0000000000000000111111100000
0000000000000011111111110000
0000000000000111111111110000
0000000000000111111111110000
0000000000000111111111000000
0000000000011111111111000000
0000000000011111110111100000
0000000000111111110111100000
0000000001111001110111100000
0000000011111001110111000000
0000000111110001101111000000
0000000111110000001111000000
0000001111100000011110000000
0000001111000000111100000000
0000001111000011111100000000
0000001110000111111000000000
0000001111011111110000000000
0000001111111111100000000000
0000001111111111000000000000
0000000111111000000000000000
0000000000000000000000000000
0000000000000000000000000000
0000000000000000000000000000
