0000000000000000000000000000
0000000000000000000000000000
0000000000000000000000000000
0000000000000000000000000000
0000000000000000000000000000
0000000000000111111111000000
0000000000111111111111110000
0000000000111111111111110000
0000000011111111111111110000
0000001111111110000011110000
0000001111110000000011110000
0000001111000000000011110000
0000001110000000000111110000
0000001110000000000111110000
0000000110000000000111100000
0000001110000000001111000000
0000001110000000011111000000
0000001110000000011111000000
0000011110000000111111000000
0000011110000001111110000000
0000001110000111111100000000
0000001111111111111100000000
0000001111111111110000000000
0000000111111111110000000000
0000000011111111000000000000
0000000000000000000000000000
0000000000000000000000000000
0000000000000000000000000000
