0000000000000000000000000000
0000000000000000000000000000
0000000000000000000000000000
0000000000000000000000000000
0000000000000000000000000000
0000000000111111100000000000
0000000001111111110000000000
0000000011111111111100000000
0000000011111111111110000000
0000000111111111111111000000
0000000111111001111111000000
0000000111111000000011000000
0000000111111000000011000000
0000000111111000000011000000
0000000111111000000011100000
0000000111100000000011100000
0000000111100000000011100000
0000000111100000000011100000
0000000011100000000011100000
0000000011110000000011100000
0000000001111000000111000000
0000000001111110011111000000
0000000000111111111110000000
0000000000111111111110000000
0000000000001111111100000000
0000000000000000000000000000
0000000000000000000000000000
0000000000000000000000000000
