0000000000000000000000000000
0000000000000000000000000000
0000000000000000000000000000
0000000000000000000000000000
0000000000000000000000000000
0000000000000000000000000000
0000000001111111110000000000
0000000011111111111100000000
0000001111111111111111000000
0000001111111100011111110000
0000011111100000000111110000
0000011110000000000001111000
0000011111000000000000111000
0000011111000000000000111000
0000011111000000000000111000
0000011110000000000000111000
0000011110000000000000111000
0000011111100000000001111000
0000001111111000000001110000
0000000111111111111111110000
0000000001111111111111100000
0000000000111111111110000000
0000000000000000000000000000
0000000000000000000000000000
0000000000000000000000000000
0000000000000000000000000000
0000000000000000000000000000
0000000000000000000000000000
