0000000000000000000000000000
0000000000000000000000000000
0000000000000000000000000000
0000000000000000000000000000
0000000000000000000000000000
0000000000000001111111000000
0000000000000111111111100000
0000000000001111111111100000
0000000000011111110011110000
0000000000111111100001110000
0000000001111110000001110000
0000000001111100000001110000
0000000011111000000001110000
0000000011111000000001110000
0000000111110000000001110000
0000001111111000000001110000
0000001111111000000011110000
0000001110011000000111100000
0000001110000000000111100000
0000011110000000011111000000
0000011110000000111110000000
0000011110000011111100000000
0000001111111111111000000000
0000001111111111100000000000
0000000111111110000000000000
0000000000000000000000000000
0000000000000000000000000000
0000000000000000000000000000
