0000000000000000000000000000
0000000000000000000000000000
0000000000000000000000000000
0000000000000000000000000000
0000000000000111111000000000
0000000000001111111111000000
0000000000111111111111110000
0000000000111111011111110000
0000000001111100011111110000
0000000011111000011111110000
0000000111110000011001110000
0000001111100000000001110000
0000001111000000000001110000
0000011110000000000001110000
0000111110000000000011110000
0000111100000000000111110000
0000111100000000000111110000
0000111000000000011111100000
0000111000000000111111000000
0000111000000001111110000000
0000111110001111111100000000
0000111111111111110000000000
0000011111111111100000000000
0000011111111110000000000000
0000000000000000000000000000
0000000000000000000000000000
0000000000000000000000000000
0000000000000000000000000000
