0000000000000000000000000000
0000000000000000000000000000
0000000000000000000000000000
0000000000000000000000000000
0000000000000000000000000000
0000000000111111100000000000
0000000001111111111000000000
0000000011111111111100000000
0000000111111101111100000000
0000000111111000011110000000
0000000111111000001111000000
0000000111111000001111000000
0000000011111000000111000000
0000000001111000000111100000
0000000001110000000011100000
0000000001110000000011100000
0000000001110000000011100000
0000000001110000000011100000
0000000001110000000011100000
0000000001110000000111100000
0000000001111000000111100000
0000000001111100011111000000
0000000001111111111111000000
0000000000111111111110000000
0000000000001111111100000000
0000000000000000000000000000
0000000000000000000000000000
0000000000000000000000000000
