0000000000000000000000000000
0000000000000000000000000000
0000000000000000000000000000
0000000000000000000000000000
0000000000000000111100000000
0000000000000001111100000000
0000000000000111111100000000
0000000000000111111100000000
0000000000011111111110000000
0000000000011111111111000000
0000000000111111011111000000
0000000001111110001111000000
0000000011111100001111000000
0000000011111100001111000000
0000000111110000001111000000
0000000111110000011111000000
0000000111110000111110000000
0000000111100000111110000000
0000001111000011111100000000
0000001111110111111100000000
0000001111111111110000000000
0000000111111111110000000000
0000000011111111100000000000
0000000011111100000000000000
0000000000000000000000000000
0000000000000000000000000000
0000000000000000000000000000
0000000000000000000000000000
