0000000000000000000000000000
0000000000000000000000000000
0000000000000000000000000000
0000000000000000000000000000
0000000000000000011111110000
0000000000000000111111110000
0000000000000001111111110000
0000000000000111111111110000
0000000000001111110011110000
0000000000011111100011110000
0000000000011111000111100000
0000000000111110000111100000
0000000001111100011111000000
0000000001111000011111000000
0000000011110000111110000000
0000000111110001111100000000
0000001111100011111000000000
0000001111000111110000000000
0000011110001111100000000000
0000111100111111000000000000
0000111111111110000000000000
0000111111111100000000000000
0000111111110000000000000000
0000011111100000000000000000
0000000000000000000000000000
0000000000000000000000000000
0000000000000000000000000000
0000000000000000000000000000
