0000000000000000000000000000
0000000000000000000000000000
0000000000000000000000000000
0000000000000000000000000000
0000000000001110000000000000
0000000000011111000000000000
0000000000011111100000000000
0000000000011111100000000000
0000000000011111100000000000
0000000000001111100000000000
0000000000001111100000000000
0000000000001111100000000000
0000000000001111100000000000
0000000000001111100000000000
0000000000001111100000000000
0000000000001111100000000000
0000000000001111100000000000
0000000000001111100000000000
0000000000011111100000000000
0000000000011111100000000000
0000000000011111100000000000
0000000000001111100000000000
0000000000001111100000000000
0000000000000111100000000000
0000000000000000000000000000
0000000000000000000000000000
0000000000000000000000000000
0000000000000000000000000000
