0000000000000000000000000000
0000000000000000000000000000
0000000000000000000000000000
0000000000000000000000000000
0000000000000000000000000000
0000001110000111100000000000
0000001110000111100000000000
0000000000000111100000000000
0000000000000111110000000000
0000000000000111110000000000
0000000000000111110000000000
0000000000000111110000000000
0000000000000111110000000000
0000000000000111110000000000
0000000000000111110000000000
0000000000001111100000000000
0000000000001111100000000000
0000000000001111100000000000
0000000000001111100000000000
0000000000001111100000000000
0000000000001111100000000000
0000000000001111100000000000
0000000000001111100000000000
0000000000001111000000000000
0000000000001111000000000000
0000000000000000000000000000
0000000000000000000000000000
0000000000000000000000000000
