0000000000000000000000000000
0000000000000000000000000000
0000000000000000000000000000
0000000000000000000000000000
0000000000000011100000000000
0000000000000011100000000000
0000000000000011100000000000
0000000000000111100000000000
0000000000000111100000000000
0000000000000111100000000000
0000000000000111000000000000
0000000000000111000000000000
0000000000000111000000000000
0000000000000111000000000000
0000000000000111000000000000
0000000000000111000000000000
0000000000000111000000000000
0000000000000111000000000000
0000000000000111100000000000
0000000000000111100000000000
0000000000000111100000000000
0000000000000111100000000000
0000000000000111100000000000
0000000000000111000000000000
0000000000000000000000000000
0000000000000000000000000000
0000000000000000000000000000
0000000000000000000000000000
