0000000000000000000000000000
0000000000000000000000000000
0000000000000000000000000000
0000000000000000000000000000
0000000000000000000000000000
0000000000000000011000100000
0000000000000000011001100000
0000000000000000111001100000
0000000000000001111001100000
0000000000000011110001100000
0000000000000011100000000000
0000000000000111100000000000
0000000000000111000000000000
0000000000001110000000000000
0000000000011110000001100000
0000000000011110000001100000
0000000000111100000001100000
0000000001111000000000000000
0000000001111000000000000000
0000000011110000000000000000
0000000011100000000000000000
0000000111000000000000000000
0000000111000000000000000000
0000000110000000000001100000
0000000000000000000001100000
0000000000000000000000000000
0000000000000000000000000000
0000000000000000000000000000
