0000000000000000000000000000
0000000000000000000000000000
0000000000000000000000000000
0000000000000000000000000000
0000000000000000000000000000
0000000000000000001111100000
0000000000000000011111100000
0000000000000000111111100000
0000000000000001111111100000
0000000000000001111111000000
0000000000000011111111000000
0000000000000111111110000000
0000000000000111111100000000
0000000000011111111000000000
0000000000111111111000000000
0000000000111111100000000000
0000000000111111100000000000
0000000001111111100000000000
0000000011111111000000000000
0000000011111000000000000000
0000000011111000000000000000
0000000111110000000000000000
0000000111110000000000000000
0000000111110000000000000000
0000000011110000000000000000
0000000000000000000000000000
0000000000000000000000000000
0000000000000000000000000000
