0000000000000000000000000000
0000000000000000000000000000
0000000000000000000000000000
0000000000000000000000000000
0000000000000000001111000000
0000000000000000011111000000
0000000000000000111110000000
0000000000000000111110000000
0000000000000000111110000000
0000000000000001111100000000
0000000000000011111100000000
0000000000000111111000000000
0000000000000111110000000000
0000000000000111110000000000
0000000000011111100000000000
0000000000111111000000000000
0000000000111110000000000000
0000000000111110000000000000
0000000000111110000000000000
0000000001111100000000000000
0000000011111100000000000000
0000000011111100000000000000
0000000011111100000000000000
0000000011111000000000000000
0000000000000000000000000000
0000000000000000000000000000
0000000000000000000000000000
0000000000000000000000000000
