0000000000000000000000000000
0000000000000000000000000000
0000000000000000000000000000
0000000000000000000000000000
0000000000000000000000000000
0000000000011110000000000000
0000000000011111000000000000
0000000000011111000000000000
0000000000001111000000000000
0000000000001111000000000000
0000000000001111000000000000
0000000000001111000000000000
0000000000001111000000000000
0000000000001111000000000000
0000000000001111000000000000
0000000000001111000000000000
0000000000001111000000000000
0000000000001111000000000000
0000000000001111000000000000
0000000000001111000000000000
0000000000001111000000000000
0000000000001111000000000000
0000000000001111000000000000
0000000000001111000000000000
0000000000001111000000000000
0000000000000000000000000000
0000000000000000000000000000
0000000000000000000000000000
