0000000000000000000000000000
0000000000000000000000000000
0000000000000000000000000000
0000000000000000000000000000
0000000000000011111100000000
0000000000001111111100000000
0000000000111111111100000000
0000000001111111011110000000
0000000011111100011110000000
0000000011111000111100000000
0000000011111000111100000000
0000000000000001111100000000
0000000000000011111000000000
0000000000000111110000000000
0000000000001111100000000000
0000000000011111100000000000
0000000000111111000000000000
0000000001111111000000000000
0000000011111100000000000000
0000000011111000111100000000
0000000011111111111111110000
0000000011111111111111110000
0000000011111111111100000000
0000000011111111000000000000
0000000000000000000000000000
0000000000000000000000000000
0000000000000000000000000000
0000000000000000000000000000
