0000000000000000000000000000
0000000000000000000000000000
0000000000000000000000000000
0000000000000000000000000000
0000000000011111111110000000
0000000001111111111111000000
0000000001111111111111000000
0000000001111111011111000000
0000000000000000000111000000
0000000000000000001111000000
0000000000000000001111000000
0000000001111110001110000000
0000000111111111111110000000
0000001111111111111110000000
0000011111111111111110000000
0000011110000011111110000000
0000011100000001111110000000
0000111100000011111111000000
0000111100000011111111100000
0000111110001111101111100000
0000011111111111000111100000
0000011111111111000000000000
0000001111111110000000000000
0000000111111000000000000000
0000000000000000000000000000
0000000000000000000000000000
0000000000000000000000000000
0000000000000000000000000000
