0000000000000000000000000000
0000000000000000000000000000
0000000000000000000000000000
0000000000000000000000000000
0000000000000111011111110000
0000000000000111111111110000
0000000000001111111111110000
0000000000011111111111110000
0000000001111111101111100000
0000000011111100011111000000
0000000111111100111110000000
0000000111110011111100000000
0000000111110111111000000000
0000000001001111110000000000
0000000000011111100000000000
0000000000111111100000000000
0000000001111110000000000000
0000000111111100000000000000
0000000111110000000000000000
0000001111110000111000000000
0000011111000011111000000000
0000011111111111111100000000
0000011111111111111100000000
0000001111111111111000000000
0000000000000000000000000000
0000000000000000000000000000
0000000000000000000000000000
0000000000000000000000000000
