0000000000000000000000000000
0000000000000000000000000000
0000000000000000000000000000
0000000000000000000000000000
0000111111111111000000000000
0000111111111111100000000000
0000111111111111111000000000
0000111111111111111000000000
0000111111011111111100000000
0000011000000001111100000000
0000000000000001111110000000
0000000000000000111111000000
0000000000000000011111000000
0000000000000000011111000000
0000000111110000011111000000
0000001111111100011111000000
0000001111111111111111000000
0000001111111111111111000000
0000001111111111111111000000
0000000111111111111111000000
0000000111111111111111000000
0000000001111111111111000000
0000000000111111111111000000
0000000000111111111111000000
0000000000000000000000000000
0000000000000000000000000000
0000000000000000000000000000
0000000000000000000000000000
