0000000000000000000000000000
0000000000000000000000000000
0000000000000000000000000000
0000001111111110000000000000
0000001111111111000000000000
0000001111111111100000000000
0000000111111111110000000000
0000000000000011111000000000
0000000000000011111000000000
0000000000000000111000000000
0000000000000000111100000000
0000000000000000011100000000
0000000000000000011100000000
0000000111111000011100000000
0000001111111111111100000000
0000001111111111111110000000
0000001111111111111111000000
0000001111111111111111110000
0000001111111111111111111000
0000000011111111111111111100
0000000001111111110111111100
0000000000111111100001111100
0000000000000000000000011100
0000000000000000000000000000
0000000000000000000000000000
0000000000000000000000000000
0000000000000000000000000000
0000000000000000000000000000
