0000000000000000000000000000
0000000000000000000000000000
0000000000000000000000000000
0000000000000000000000000000
0000000000000000000000000000
0000000000000000000000000000
0000000000000000000000000000
0000000001111111111100000000
0000000011111111111110000000
0000000011111111111110000000
0000000000111000011110000000
0000000000000000111110000000
0000000000001111111100000000
0000000000111111111000000000
0000000011111111111000000000
0000000111111111111100000000
0000001111111111011111000000
0000001111111110001111111000
0000001111111100000111111100
0000001111110000000001111100
0000001111000000000000011100
0000000000000000000000000000
0000000000000000000000000000
0000000000000000000000000000
0000000000000000000000000000
0000000000000000000000000000
0000000000000000000000000000
0000000000000000000000000000
