0000000000000000000000000000
0000000000000000000000000000
0000000000000000000000000000
0000000000000000000000000000
0000000000000000000000000000
0000000000000000000000000000
0000000000000001111111100000
0000000000001111111111110000
0000000000011111111001110000
0000000000111111111001110000
0000000000111111110011110000
0000000000111111000011100000
0000000000111110000111100000
0000000000000000001110000000
0000000000111111111110000000
0000000011111111111111000000
0000011111111111111111000000
0000111111111111110111100000
0000111101111111000011110000
0000111111111100000001110000
0000111111110000000000000000
0000011110000000000000000000
0000000000000000000000000000
0000000000000000000000000000
0000000000000000000000000000
0000000000000000000000000000
0000000000000000000000000000
0000000000000000000000000000
