0000000000000000000000000000
0000000000000000000000000000
0000000000000000000000000000
0000000000000000000000000000
0000000000000000000000000000
0000000000000000000000000000
0000000011111111100000000000
0000000111111111110000000000
0000000111000111111000000000
0000000000000000111100000000
0000000000000000011100000000
0000000000000000011100000000
0000000000000000011100000000
0000000000000000111100000000
0000001111110001111000000000
0000011111111001111000000000
0000011111111111110000000000
0000011100011111110000000000
0000011111111111111000000000
0000011111111001111111100000
0000001111100000011111111000
0000000000000000000011111000
0000000000000000000000000000
0000000000000000000000000000
0000000000000000000000000000
0000000000000000000000000000
0000000000000000000000000000
0000000000000000000000000000
