0000000000000000000000000000
0000000000000000000000000000
0000000000000000000000000000
0000000000000000000000000000
0000000000000000000000000000
0000000000000000000000000000
0000000000000000000000000000
0000000000000011111110000000
0000001111111111111111000000
0000001111111111111111111000
0000001110000000000001111000
0000000000000000000000011000
0000000000000000000000011000
0000000000000000000000111000
0000000000000000000001111000
0000000000011111111111110000
0000000111111111111111000000
0000011111111111111111000000
0000011110000011111000000000
0000011000000111110000000000
0000011101111111000000000000
0000011111111100000000000000
0000000011000000000000000000
0000000000000000000000000000
0000000000000000000000000000
0000000000000000000000000000
0000000000000000000000000000
0000000000000000000000000000
