0000000000000000000000000000
0000000000000000000000000000
0000000000000000000000000000
0000000000000000000000000000
0000000000000011111100000000
0000000000001111111100000000
0000000000011111111100000000
0000000000111111111110000000
0000000000111110111110000000
0000000000111100111100000000
0000000000000000111100000000
0000000000000000111100000000
0000000000000000111100000000
0000000000000000111000000000
0000000001110001111000000000
0000000111111111111000000000
0000001111111111111000000000
0000001111011111100000000000
0000001110001111111111000000
0000011110001111111111000000
0000011110111111111110000000
0000011111111100000000000000
0000001111111000000000000000
0000001111110000000000000000
0000000000000000000000000000
0000000000000000000000000000
0000000000000000000000000000
0000000000000000000000000000
