0000000000000000000000000000
0000000000000000000000000000
0000000000000000000000000000
0000000000000000000000000000
0000000000000000000000000000
0000000000000000000000000000
0000000000001111100000000000
0000000000011111110000000000
0000000001111111111000000000
0000000001111100111000000000
0000000011111000111000000000
0000000011111001111000000000
0000000001100011111000000000
0000000000000111110000000000
0000000000111111100000000000
0000000011111111100000000000
0000000111111111110000000000
0000000111111111111000000000
0000000111110001111100000000
0000000111000000111110000000
0000000000000000011111000000
0000000000000000000111110000
0000000000000000000011110000
0000000000000000000001111100
0000000000000000000000011110
0000000000000000000000001110
0000000000000000000000000000
0000000000000000000000000000
