0000000000000000000000000000
0000000000000000000000000000
0000000000000000000000000000
0000000000000000000000000000
0000000000000000000000000000
0000000000000000000000000000
0000000000000000000000000000
0000111111111000000000000000
0000111111111100000000000000
0000111111111111000000000000
0000111111111111100000000000
0000000000000111100000000000
0000000000000011110000000000
0000000000000011110000000000
0000000000000111110000000000
0000000000001111100000000000
0000000000111111100000000000
0000000000111111111111100000
0000000000111111111111110000
0000000000011111111111110000
0000000000000011111111110000
0000000000000000000000000000
0000000000000000000000000000
0000000000000000000000000000
0000000000000000000000000000
0000000000000000000000000000
0000000000000000000000000000
0000000000000000000000000000
