0000000000000000000000000000
0000000000000000000000000000
0000000000000000000000000000
0000000000000000000000000000
0000000001111111000000000000
0000000011111111111000000000
0000000011111111111000000000
0000000011111111111100000000
0000000011110001111100000000
0000000011110000111100000000
0000000000000001111100000000
0000000000000001111100000000
0000000000000001111100000000
0000000000000011111100000000
0000000111101111111000000000
0000011111111111111000000000
0000011111111111110000000000
0000011111111111110000000000
0000011111111111111000011000
0000011111111111111101111000
0000011111000011111111111000
0000000000000001111111111000
0000000000000000011111110000
0000000000000000001111100000
0000000000000000000000000000
0000000000000000000000000000
0000000000000000000000000000
0000000000000000000000000000
