0000000000000000000000000000
0000000000000000000000000000
0000000000000000000000000000
0000000000000000000000000000
0000001111111100000000000000
0000011111111110000000000000
0000011111111111100000000000
0000011111111111111000000000
0000011110111111111000000000
0000001100011111111100000000
0000000000000111111110000000
0000000000000011111110000000
0000000000000001111110000000
0000000000000111111110000000
0000000000000111111100000000
0000000000111111111100000000
0000000011111111111000000000
0000000111111111100000000000
0000011111111111100011110000
0000011111111111111111111000
0000011111111111111111111000
0000001111111111111111110000
0000000111111111111111100000
0000000000011111111110000000
0000000000000000000000000000
0000000000000000000000000000
0000000000000000000000000000
0000000000000000000000000000
