0000000000000000000000000000
0000000000000000000000000000
0000000000000000000000000000
0000000000000000000000000000
0000000001111111110000000000
0000000111111111111000000000
0000001111111011111000000000
0000001111100000111100000000
0000011111000000111100000000
0000011110000000011100000000
0000011100000000011110000000
0000000000000000011110000000
0000000000000000011110000000
0000000000000000011110000000
0000000000000011011100000000
0000000000111111111100000000
0000000001111111111100000000
0000000111111111111100000000
0000001111100001111110000000
0000001111000011111111000000
0000011111001111101111000000
0000001111111111000111100000
0000001111111110000111110000
0000000111111000000011110000
0000000000000000000000000000
0000000000000000000000000000
0000000000000000000000000000
0000000000000000000000000000
