0000000000000000000000000000
0000000000000000000000000000
0000000000000000000000000000
0000000000000000000000000000
0000000001111111000000000000
0000000011111111100000000000
0000000011110011110000000000
0000000011100001110000000000
0000000011000001111000000000
0000000001000000111000000000
0000000000000000111000000000
0000000000000000111000000000
0000000000000000111000000000
0000000000000000111000000000
0000000000000000111000000000
0000000000011111111000000000
0000000000111111111000000000
0000000001110011111000000000
0000000001110001111000000000
0000000011100011111000000000
0000000011100111111100000000
0000000011111111111100000000
0000000001111111011100000000
0000000000111110001100000000
0000000000000000000000000000
0000000000000000000000000000
0000000000000000000000000000
0000000000000000000000000000
