0000000000000000000000000000
0000000000000000000000000000
0000000000000000000000000000
0000000000001111111000000000
0000000000011111111100000000
0000000000010001011110000000
0000000000000000001110000000
0000000000000000000110000000
0000000000000000000110000000
0000000000000000000110000000
0000000000000000000110000000
0000000000000000000110000000
0000000000000000001110000000
0000000000000000001110000000
0000011111110000011100000000
0000111111111110111100000000
0001111100111111111000000000
0001110000000111110000000000
0001110000001111111000000000
0001111111111111111100000000
0000111111111100011110000000
0000000110000000001111100000
0000000000000000000111100000
0000000000000000000000000000
0000000000000000000000000000
0000000000000000000000000000
0000000000000000000000000000
0000000000000000000000000000
