0000000000000000000000000000
0000000000000000000000000000
0000000000000000000000000000
0000000000001111100000000000
0000000000111111110000000000
0000000001111111110000000000
0000000001111101111000000000
0000000001110000111000000000
0000000011110000111100000000
0000000111100000011100000000
0000000111000000011110000000
0000000111000000001111000000
0000000111000000001111000000
0000000111111111001111000000
0000001111111111101111000000
0000011111110111110111000000
0000011111000011111111000000
0000011100000001111111000000
0000011100000000011111100000
0000001111000000111111000000
0000001111111111111111000000
0000000111111111111100000000
0000000011111111100000000000
0000000000000000000000000000
0000000000000000000000000000
0000000000000000000000000000
0000000000000000000000000000
0000000000000000000000000000
