0000000000000000000000000000
0000000000000000000000000000
0000000000000000000000000000
0000000011111111000000000000
0000000011111111100000000000
0000000011111111110000000000
0000000001111111110000000000
0000000000100000111000000000
0000000000000000111100000000
0000000000000000111100000000
0000000000000001111100000000
0000000000000001111100000000
0000000000000011111000000000
0000000000000111110000000000
0000000000011111110000000000
0000000001111111100000000000
0000111111111111111000000000
0000111111111111111111100000
0000111111111111111111110000
0000111111111111111111110000
0000001110000000001111110000
0000000000000000000000000000
0000000000000000000000000000
0000000000000000000000000000
0000000000000000000000000000
0000000000000000000000000000
0000000000000000000000000000
0000000000000000000000000000
