0000000000000000000000000000
0000000000000000000000000000
0000000000000000000000000000
0000000000000000011100000000
0000000000000001111100000000
0000000000000001111100000000
0000000000000111111110000000
0000000000011111111110000000
0000000000111111111110000000
0000000001111111001111000000
0000000011111100001111000000
0000000011111000001110000000
0000000011100000011110000000
0000000000000000011110000000
0000000000000000111100000000
0000000000000001111100000000
0000000001111111111000000000
0000000011111111110000000000
0000000111111111111000000000
0000001111111111111111110000
0000001111111101111111110000
0000001111111000001111000000
0000001111100000000000000000
0000000000000000000000000000
0000000000000000000000000000
0000000000000000000000000000
0000000000000000000000000000
0000000000000000000000000000
