0000000000000000000000000000
0000000000000000000000000000
0000000000000000000000000000
0000000000000000000000000000
0000000001111111110000000000
0000000001111111110000000000
0000000000000001110000000000
0000000000000000110000000000
0000000000000000110000000000
0000000000000000110000000000
0000000000000001110000000000
0000000000000001110000000000
0000000000000001110000000000
0000000000000001100000000000
0000000000011111111000000000
0000000001111111111110000000
0000000011111011011111100000
0000000111100111000011110000
0000001110000111000001110000
0000001110000110000001110000
0000001110001110000000000000
0000000110011100000000000000
0000000111111100000000000000
0000000011111000000000000000
0000000000000000000000000000
0000000000000000000000000000
0000000000000000000000000000
0000000000000000000000000000
