0000000000000000000000000000
0000000000000000000000000000
0000000000000000000000000000
0000000000000000000000000000
0000000000000001111110000000
0000000000000111111110000000
0000000000001111111110000000
0000000001111111111110000000
0000000011111110111100000000
0000000011110000111100000000
0000000011110001111000000000
0000000000000001111000000000
0000000000000011110000000000
0000000000000011110000000000
0000000000001111100000000000
0000000000001111000000000000
0000000000011111000000000000
0000000000111110000011000000
0000000000111100001111000000
0000000001111000111111000000
0000000011111111111110000000
0000000011111111111000000000
0000000011111111100000000000
0000000011110000000000000000
0000000000000000000000000000
0000000000000000000000000000
0000000000000000000000000000
0000000000000000000000000000
