0000000000000000000000000000
0000000000000000000000000000
0000000000000000000000000000
0000000000000000000000000000
0000000000011111100000000000
0000000001111111111000000000
0000000011111111111000000000
0000000111111111111100000000
0000000111100001111110000000
0000000111000000111110000000
0000000000000000111110000000
0000000000000001111110000000
0000000000000001111100000000
0000000000000111111000000000
0000000000001111110000000000
0000000000011111100000000000
0000000001111111100000000000
0000000001111111000000111000
0000000111111110000011111000
0000000111111100001111111000
0000000111110111111111110000
0000000111111111111110000000
0000000011111111111110000000
0000000001111111100000000000
0000000000000000000000000000
0000000000000000000000000000
0000000000000000000000000000
0000000000000000000000000000
