0000000000000000000000000000
0000000000000000000000000000
0000000000000000000000000000
0000000000000000000000000000
0000000000000000000000000000
0000000000000000000000000000
0000000000000000000000000000
0000000000000000000000000000
0000000000111111000000000000
0000000001111111100000000000
0000000001111011100000000000
0000000001100111100000000000
0000000000011111000000011000
0000000000111110000000111000
0000000011110000000001111000
0000000111100000000001111000
0000001111000000000111110000
0000011111110000011111100000
0000011111111111111110000000
0000011100011111100000000000
0000000000000000000000000000
0000000000000000000000000000
0000000000000000000000000000
0000000000000000000000000000
0000000000000000000000000000
0000000000000000000000000000
0000000000000000000000000000
0000000000000000000000000000
