0000000000000000000000000000
0000000000000000000000000000
0000000000000000000000000000
0000000000000000000000000000
0000000000000000000000000000
0000000111111111111111110000
0000001111111111111111110000
0000011111111111111111110000
0000011111111111111111110000
0000011111100000000111110000
0000011110000000011111100000
0000011000000000111111100000
0000000000000111111111000000
0000000000011111111100000000
0000000000111111111000000000
0000000011111111110000000000
0000000011111110000000000000
0000000111111000000000000000
0000000111110000000000000000
0000001111100000000000000000
0000011111110000000000000000
0000011111111100011111110000
0000011111111111111111110000
0000011111111111111111110000
0000001111111111111111110000
0000000000000000000000000000
0000000000000000000000000000
0000000000000000000000000000
