0000000000000000000000000000
0000000000000000000000000000
0000000000111100000000000000
0000000001111110000000000000
0000000011111111000000000000
0000000011111111100000000000
0000000000001111100000000000
0000000000000111110000000000
0000000000000111110000000000
0000000000000111110000000000
0000000000000001110000000000
0000000000000001110000000000
0000000000000001110000000000
0000000000111111110000000000
0000000111111111110000000000
0000000111111111110000000000
0000000111111111110000000000
0000001111001111111100000000
0000001111111111111100000000
0000000111111111111111100000
0000000111111110011111100000
0000000011111100011111100000
0000000000000000000000000000
0000000000000000000000000000
0000000000000000000000000000
0000000000000000000000000000
0000000000000000000000000000
0000000000000000000000000000
