0000000000000000000000000000
0000000000000000000000000000
0000000000000000000000000000
0000000000000000000000000000
0000001111111111111000000000
0000011111111111111100000000
0000011111111111111110000000
0000011111111111111110000000
0000011111111111111110000000
0000000000000000011110000000
0000000000000000001111000000
0000000000000000001111000000
0000000000000000001111000000
0000000000000000011111000000
0000000001111110011111000000
0000000111111111111110000000
0000000111111111111111000000
0000001111111111111111100000
0000001111000111111111111000
0000001110001111111111111000
0000001111111111110001111000
0000001111111111100001111000
0000001111111110000000110000
0000000111111100000000000000
0000000000000000000000000000
0000000000000000000000000000
0000000000000000000000000000
0000000000000000000000000000
