0000000000000000000000000000
0000000000000000000000000000
0000000000000000000000000000
0000000001111100000000000000
0000000001111111000000000000
0000000001111111100000000000
0000000001111111110000000000
0000000001100111110000000000
0000000000000011110000000000
0000000000000011110000000000
0000000000000111110000000000
0000000000001111100000000000
0000000000011111100000000000
0000000000011110000000000000
0000000000111110000000000000
0000000001111100000000000000
0000000011111000000000000000
0000000011110000000000000000
0000000011100000000000001100
0000000011110000000011111100
0000000011111111111111111100
0000000011111111111111111000
0000000000111111111111100000
0000000000000000000000000000
0000000000000000000000000000
0000000000000000000000000000
0000000000000000000000000000
0000000000000000000000000000
