0000000000000000000000000000
0000000000000000000000000000
0000000000000000000000000000
0000000000000000000000000000
0000000000000000000000000000
0000000111111000000000000000
0000011111111110000000000000
0000011111111111000000000000
0000001110011111100000000000
0000000000000111100000000000
0000000000000111100000000000
0000000000000011100000000000
0000000000000111100000000000
0000000000000111100000000000
0000000000000111100000000000
0000000000000111100000000000
0000000000001111100000000000
0000000000001111000000000000
0000000000001110000000000000
0000000000011111110000000000
0000000000011111111111110000
0000000000000111111111111000
0000000000000000000000000000
0000000000000000000000000000
0000000000000000000000000000
0000000000000000000000000000
0000000000000000000000000000
0000000000000000000000000000
