0000000000000000000000000000
0000000000000000000000000000
0000000000000000000000000000
0000000000000000000000000000
0000000011111111110000000000
0000000111111111111000000000
0000001111111111111100000000
0000001111000011111100000000
0000001110000000111100000000
0000000000000000111100000000
0000000000000000111100000000
0000000000000001111100000000
0000000000000011111100000000
0000000000000011111000000000
0000000000000111110000000000
0000000000001111100000000000
0000000000011111100000011100
0000000000111111000000111100
0000000001111110001111111100
0000000011111100111111111000
0000001111111111111111100000
0000001111111111111110000000
0000001111111111111000000000
0000001111111110000000000000
0000000000000000000000000000
0000000000000000000000000000
0000000000000000000000000000
0000000000000000000000000000
