0000000000000000000000000000
0000000000000000000000000000
0000000000000000000000000000
0000000000000111111100000000
0000000000111111111111000000
0000000001111111111111000000
0000000001111111111111000000
0000000000111100011111000000
0000000000000000111110000000
0000000000000001111100000000
0000000000000011111100000000
0000000000000111111000000000
0000000000001111111000000000
0000000000111111110000000000
0000000001111111100000000000
0000000111111110000000000000
0000000111111000000000000000
0000001111111000000000000000
0000011111111110000001110000
0000011111111111111111111000
0000011111111111111111111000
0000011111111111111111110000
0000011111011111111111100000
0000000000000000000000000000
0000000000000000000000000000
0000000000000000000000000000
0000000000000000000000000000
0000000000000000000000000000
