0000000000000000000000000000
0000000000000000000000000000
0000000000000000000000000000
0000000001111111110000000000
0000000001111111111100000000
0000000000111111111110000000
0000000000001111111110000000
0000000000000000111111000000
0000000000000000011111000000
0000000000000000001111000000
0000000000000000001111000000
0000000000000000001110000000
0000000000000000001110000000
0000000000111100011110000000
0000000011111110111110000000
0000000111111111111100000000
0000001111111111111100000000
0000011111111111111110000000
0000011111111111111110000000
0000011111111111111111000000
0000011111111110011111000000
0000001111111100000111000000
0000000111110000000000000000
0000000000000000000000000000
0000000000000000000000000000
0000000000000000000000000000
0000000000000000000000000000
0000000000000000000000000000
