0000000000000000000000000000
0000000000000000000000000000
0000000000000000000000000000
0000000000000000000000000000
0000000000000000000000000000
0000000000000000000000000000
0000000000111111100000000000
0000000001111111110000000000
0000000000111111110000000000
0000000000111101110000000000
0000000000000001110000000000
0000000000000011110000000000
0000000000000111110000000000
0000000000001111100000000000
0000000000011111100000000000
0000000000111110000001111000
0000000011111100111111111000
0000001111111111111111110000
0000011111111111111111000000
0000011111111111110000000000
0000011111110000000000000000
0000001110000000000000000000
0000000000000000000000000000
0000000000000000000000000000
0000000000000000000000000000
0000000000000000000000000000
0000000000000000000000000000
0000000000000000000000000000
