0000000000000000000000000000
0000000000000000000000000000
0000000000000000000000000000
0000000000000111111100000000
0000000000001111111110000000
0000000000001111111110000000
0000000000011110001111000000
0000000000011100001111000000
0000000000011100001111000000
0000000000011100001111000000
0000000000000000001110000000
0000000000000000111110000000
0000000000000000111110000000
0000000011100000111110000000
0000001111111001111000000000
0000001111111101111000000000
0000001110011111111000000000
0000001110011111110000000000
0000001100011111100000000000
0000001110111111110000000000
0000001111111111111100000000
0000001111111011111100000000
0000000111100001111100000000
0000000000000000000000000000
0000000000000000000000000000
0000000000000000000000000000
0000000000000000000000000000
0000000000000000000000000000
