0000000000000000000000000000
0000000000000000000000000000
0000000000000000000000000000
0000000000000000000000000000
0000000000111111111000000000
0000000001111111111100000000
0000000011111111111100000000
0000001111111111111110000000
0000001111110000111100000000
0000001111100000111100000000
0000001111100001111100000000
0000000000000011111000000000
0000000000001111110000000000
0000000001111111110000000000
0000000001111111000000000000
0000000001111000000000000000
0000000011111000000001110000
0000000011110000000011110000
0000000111111100000011110000
0000000111111100000011110000
0000001111111111111111110000
0000001111111111111111110000
0000001111001111111111000000
0000001110001111111100000000
0000000000000000000000000000
0000000000000000000000000000
0000000000000000000000000000
0000000000000000000000000000
