0000000000000000000000000000
0000000000000000000000000000
0000000000000000000000000000
0000000000000000000000000000
0000000000000000111111000000
0000000000000011111111000000
0000000000001111111111000000
0000000000011111100011000000
0000000000011110000111000000
0000000000011000000111000000
0000000000000000000111000000
0000000000000000001111000000
0000000000000000001110000000
0000000000000000011110000000
0000000000000000011100000000
0000000000001111111100000000
0000000011111111111000000000
0000011111111111111000000000
0000111111000111111000000000
0000110000001111011000000000
0001110000111110011100000000
0001110011111100011000000000
0000111111110000000000000000
0000111111000000000000000000
0000000000000000000000000000
0000000000000000000000000000
0000000000000000000000000000
0000000000000000000000000000
