0000000000000000000000000000
0000000000000000000000000000
0000000000000000000000000000
0000000000000000000000000000
0000000000111111110000000000
0000000011111111111000000000
0000001111111111111100000000
0000001111100000111110000000
0000001111000000011110000000
0000001110000000011110000000
0000001110000000001111000000
0000001111000000001111000000
0000001110000000001110000000
0000000000000000011110000000
0000000000000000011110000000
0000000000111110111110000000
0000000011111111111100000000
0000001111111111111100000000
0000001111101111111100000000
0000001111001111111110000000
0000001111001111111110000000
0000001111111111111111000000
0000000111111111011110000000
0000000011111110000100000000
0000000000000000000000000000
0000000000000000000000000000
0000000000000000000000000000
0000000000000000000000000000
