0000000000000000000000000000
0000000000000000000000000000
0000000000000000000000000000
0000000001111110000000000000
0000000001111111100000000000
0000000000000111110000000000
0000000000000011111000000000
0000000000000001111100000000
0000000000000000011100000000
0000000000000000011110000000
0000000000000000011110000000
0000000000011000011110000000
0000000000111100011110000000
0000000001111110011100000000
0000000011111111111100000000
0000000011100111111000000000
0000000111000111111000000000
0000000111000111111000000000
0000000111000111110000000000
0000000111101111110000000000
0000000111111111111000000000
0000000011111101111000000000
0000000001111000000000000000
0000000000000000000000000000
0000000000000000000000000000
0000000000000000000000000000
0000000000000000000000000000
0000000000000000000000000000
