0000000000000000000000000000
0000000000000000000000000000
0000000000000000000000000000
0000000000000000000000000000
0000000000111111111100000000
0000000000111111111110000000
0000000001111111111110000000
0000000001111111111111000000
0000000001111111111111000000
0000000001111111111111000000
0000000000000011111110000000
0000000000001111111100000000
0000000000001111111100000000
0000000000111111111100000000
0000000000111111111000000000
0000000001111111000000000000
0000000011111100000000000000
0000000111111100000000000000
0000001111111000000000000000
0000001111110000000000000000
0000001111111110001111000000
0000001111111111111111000000
0000001111111111111111000000
0000001111111111111100000000
0000000000000000000000000000
0000000000000000000000000000
0000000000000000000000000000
0000000000000000000000000000
