0000000000000000000000000000
0000000000000000000000000000
0000000000000000000000000000
0000000000111111111000000000
0000000000111111111100000000
0000000000011111111100000000
0000000000011111111100000000
0000000000000000111100000000
0000000000000001111100000000
0000000000000011111100000000
0000000000000111111000000000
0000000000011111110000000000
0000000000011111100000000000
0000000000111111000000000000
0000000011111110000000000000
0000000011111100000000000000
0000001111111000000000000000
0000001111110000000011110000
0000011111100001111111111000
0000011111111111111111110000
0000001111111111111111100000
0000001111111111111000000000
0000000011111111100000000000
0000000000000000000000000000
0000000000000000000000000000
0000000000000000000000000000
0000000000000000000000000000
0000000000000000000000000000
