0000000000000000000000000000
0000000000000000000000000000
0000000000000000000000000000
0000000000000000000000000000
0000000000000000110000000000
0000000000000000111000000000
0000000000000000111000000000
0000000000000000111100000000
0000000000000000111100000000
0000000000000000111100000000
0000000000000000011111110000
0000000000000011111111111100
0000000000011111111111111100
0000000001111111111100000000
0000000011111111111000000000
0000000111111011111000000000
0000001111100111110000000000
0000001111011111100000000000
0000001111111111000000000000
0000001111111110000000000000
0000001111111100000000000000
0000001111110000000000000000
0000000000000000000000000000
0000000000000000000000000000
0000000000000000000000000000
0000000000000000000000000000
0000000000000000000000000000
0000000000000000000000000000
