0000000000000000000000000000
0000000000000000000000000000
0000000000000000000000000000
0000000000011111111000000000
0000000000111111111100000000
0000000001111111111110000000
0000000011111000011111000000
0000000011110000001111000000
0000000001100000000111100000
0000000000100000000011100000
0000000000000000000011100000
0000000000000000000011100000
0000000000000000000011100000
0000000111111000000011100000
0000011111111110000011100000
0000111111111111100111100000
0000111100001111110111000000
0000111000000011111111000000
0000111100000001111110000000
0000111110000001111111100000
0000011111111111111111110000
0000001111111111110111110000
0000000111111111000000000000
0000000000000000000000000000
0000000000000000000000000000
0000000000000000000000000000
0000000000000000000000000000
0000000000000000000000000000
