0000000000000000000000000000
0000000000000000000000000000
0000000000000000000000000000
0000000000000111110000000000
0000000000000111111100000000
0000000000001111111100000000
0000000000001111111110000000
0000000000000100111110000000
0000000000000000011111000000
0000000000000000011111000000
0000000000000000011111000000
0000000000000000011111000000
0000000000001111111111000000
0000000011111111111111000000
0000000011111111111111100000
0000001111111111111111100000
0000011111111111111111100000
0000111111110011111100000000
0000111111100011111100000000
0000111111111111111000000000
0000011111111111110000000000
0000000111111111110000000000
0000000001111110000000000000
0000000000000000000000000000
0000000000000000000000000000
0000000000000000000000000000
0000000000000000000000000000
0000000000000000000000000000
