0000000000000000000000000000
0000000000000000000000000000
0000000000000000000000000000
0000000000000000000000000000
0000000000000001111000000000
0000000000000111111000000000
0000000000001110011000000000
0000000000111100011000000000
0000000000111000011000000000
0000000000000000111000000000
0000000000000000110000000000
0000000000000000110000000000
0000000000000001110000000000
0000000000000001110000000000
0000000000000011100000000000
0000000000111111100000000000
0000000001111111000000000000
0000000001111110000000000000
0000000001101110000000000000
0000000001111110000000000000
0000000001111110000000000000
0000000000000110000000000000
0000000000000111000000000000
0000000000000111000000000000
0000000000000000000000000000
0000000000000000000000000000
0000000000000000000000000000
0000000000000000000000000000
