0000000000000000000000000000
0000000000000000000000000000
0000000000000000000000000000
0000000000000000000000000000
0000000000000001111111000000
0000000000000111111111100000
0000000000001111111111100000
0000000000011111110111100000
0000000000001110000111100000
0000000000000000001111100000
0000000000000000001111000000
0000000000000000011110000000
0000000000000000011110000000
0000000000000000111110000000
0000000000110011111000000000
0000000111111111111000000000
0000001111111111110000000000
0000111111111111111000000000
0000111111111111111000000000
0001111111111100111100000000
0001111111111000111100000000
0001111111100001111100000000
0001111100000001111100000000
0000000000000001111100000000
0000000000000000000000000000
0000000000000000000000000000
0000000000000000000000000000
0000000000000000000000000000
