0000000000000000000000000000
0000000000000000000000000000
0000000000000000000000000000
0000000000000000000000000000
0000000000000000000000000000
0000000000011111111111000000
0000000011111111111111000000
0000000111111111111111000000
0000001111111111111111000000
0000001111111111111111100000
0000001111111100011111000000
0000001111100111111111000000
0000001100001111111110000000
0000000000011111111100000000
0000000000111111111000000000
0000000000111111110000000000
0000000001111111100000000000
0000000001111111110000000000
0000000111111111111000000000
0000000111111111111100000000
0000001111111111111110000000
0000001111111110011111100000
0000001111111100011111110000
0000001111110000001111110000
0000001111000000000111110000
0000000000000000000000000000
0000000000000000000000000000
0000000000000000000000000000
