0000000000000000000000000000
0000000000000000000000000000
0000000000000000000000000000
0000000000000000000000000000
0000000000111111111111110000
0000000001111111111111110000
0000000011111111111101110000
0000000011111111110001110000
0000000011111000000000110000
0000000000000000000000110000
0000000000000000000001110000
0000000000000000000001110000
0000000000000000000011110000
0000000000000000000011110000
0000000011100000000111100000
0000000111111100000111100000
0000011111111111011111000000
0000111111111111111111000000
0000111111111111111110000000
0000111100001111111111110000
0000111111111111111111110000
0000111111111111100000000000
0000111111111100000000000000
0000011111110000000000000000
0000000000000000000000000000
0000000000000000000000000000
0000000000000000000000000000
0000000000000000000000000000
