0000000000000000000000000000
0000000000000000000000000000
0000000000000000000000000000
0000000000011111110000000000
0000000000111111110000000000
0000000000111111111000000000
0000000000111101111100000000
0000000000110000111100000000
0000000000000000011100000000
0000000000000000011110000000
0000000000000000001110000000
0000000000000000001110000000
0000000000000000001110000000
0000000000001110001100000000
0000000000111111111100000000
0000000011111111111100000000
0000000111111111111110000000
0000001111100001111110000000
0000001111000001111110000000
0000001111001111110110000000
0000001111111111110000000000
0000000111111111100000000000
0000000011111111000000000000
0000000000000000000000000000
0000000000000000000000000000
0000000000000000000000000000
0000000000000000000000000000
0000000000000000000000000000
