0000000000000000000000000000
0000000000000000000000000000
0000000000000000000000000000
0000000000000000000000000000
0000000000000000000000000000
0000000000000011111000000000
0000000000000111111100000000
0000000000011111111110000000
0000000000111111111111000000
0000000001111111111111000000
0000000001111111111111000000
0000000001111110011110000000
0000000001111100011110000000
0000000000111000111110000000
0000000000000111111110000000
0000000111111111111111000000
0000001111111111111111111000
0000011111111111111111111000
0000011111111111111111111000
0000011111111111111111111000
0000011111111110000000110000
0000011111111100000000000000
0000001111100000000000000000
0000000000000000000000000000
0000000000000000000000000000
0000000000000000000000000000
0000000000000000000000000000
0000000000000000000000000000
