0000000000000000000000000000
0000000000000000000000000000
0000000000000000000000000000
0000000000011111110000000000
0000000000011111111000000000
0000000000001111111100000000
0000000000000000111100000000
0000000000000000011100000000
0000000000000000011100000000
0000000000000000111100000000
0000000000000000111100000000
0000000000000000111000000000
0000000000000001111000000000
0000000000000011110000000000
0000000000000111110000000000
0000000000001111000000000000
0000000000001111000000000000
0000000000111100000000000000
0000000001111100000000000000
0000000011111000111000000000
0000000111111111111110000000
0000001111111111111110000000
0000000111111111111110000000
0000000000000000000000000000
0000000000000000000000000000
0000000000000000000000000000
0000000000000000000000000000
0000000000000000000000000000
