0000000000000000000000000000
0000000000000000000000000000
0000000000000000000000000000
0000000000000110000000000000
0000000000111111100000000000
0000000000111111100000000000
0000000000111111110000000000
0000000000111111110000000000
0000000000111111110000000000
0000000000111111110000000000
0000000000111011110000000000
0000000000000011110000000000
0000000000000011110000000000
0000000000000111100000001000
0000000000000111100000011000
0000000000111111100000011000
0000000011111111000000111000
0000001111111111000001111000
0000011111111111111111111000
0000011111111111111111111000
0000011111110011111111110000
0000011111100001111111100000
0000000000000000000000000000
0000000000000000000000000000
0000000000000000000000000000
0000000000000000000000000000
0000000000000000000000000000
0000000000000000000000000000
