0000000000000000000000000000
0000000000000000000000000000
0000000000000000000000000000
0000000000000000000000000000
0000000000000000000000000000
0000000000000111111100000000
0000000000001111111100000000
0000000000011111111110000000
0000000000111110011110000000
0000000001111000011110000000
0000000011111000011100000000
0000000111111000111100000000
0000000111110000111100000000
0000000111000000111000000000
0000000000000001111000000000
0000000000000111110000000000
0000000011111111100000111000
0000000111111111000001111000
0000001111111110001111111000
0000001111111111111111110000
0000011111111111111110000000
0000011111111111100000000000
0000011110000000000000000000
0000000000000000000000000000
0000000000000000000000000000
0000000000000000000000000000
0000000000000000000000000000
0000000000000000000000000000
