0000000000000000000000000000
0000000000000000000000000000
0000000000000000000000000000
0000000000011111111000000000
0000000001111111111100000000
0000000001111111111110000000
0000000001111101111110000000
0000000001110000001111000000
0000000001100000001111000000
0000000000000000001111000000
0000000000000000001111000000
0000000000000000001111000000
0000000000000000011110000000
0000000111110000011110000000
0000001111111110111110000000
0000011111111111111110000000
0000011111111111111100000000
0000011110001111111000000000
0000011110001111111110000000
0000011111111111111111111000
0000011111111111111111111000
0000001111111110001111110000
0000000011110000000000000000
0000000000000000000000000000
0000000000000000000000000000
0000000000000000000000000000
0000000000000000000000000000
0000000000000000000000000000
