0000000000000000000000000000
0000000000000000000000000000
0000000000000000000000000000
0000000000000000000000000000
0000000000000111111000000000
0000000000000111111000000000
0000000000000111111100000000
0000000000000110011100000000
0000000000000110011100000000
0000000000000000011100000000
0000000000000000111000000000
0000000000000000111000000000
0000000000000000111000000000
0000000000000001111000000000
0000000000000001110000000000
0000000000001101110000000000
0000000001111111100000000000
0000000001111111100000000000
0000000011111111100000000000
0000000011101111000000000000
0000000011011110000000000000
0000000011111100000000000000
0000000011111000000000000000
0000000011110000000000000000
0000000000000000000000000000
0000000000000000000000000000
0000000000000000000000000000
0000000000000000000000000000
