0000000000000000000000000000
0000000000000000000000000000
0000000000000000000000000000
0000000000000000000000000000
0000011111111111100000000000
0000111111111111111000000000
0000111111111111111000000000
0000111000000011111100000000
0000110000000000111110000000
0000000000000000011111000000
0000000000000000001111000000
0000000000000000001111000000
0000000000000000000111000000
0000000000111111100111000000
0000000011111111111111000000
0000001111111111111111000000
0000001111100001111111000000
0000001111000000011111000000
0000001110000001111111110000
0000001110000111111111110000
0000001111111111111011110000
0000001111111111110011110000
0000000111111111100000000000
0000000011111110000000000000
0000000000000000000000000000
0000000000000000000000000000
0000000000000000000000000000
0000000000000000000000000000
