0000000000000000000000000000
0000000000000000000000000000
0000000000000000000000000000
0000000000000000000000000000
0000000000000011111100000000
0000000000001111111111000000
0000000000111111101111000000
0000000001111110001111000000
0000000011111100000111000000
0000000011111100001111000000
0000000011100000011111000000
0000000001100000011110000000
0000000000000000111100000000
0000000000000001111100000000
0000000000000111111000000000
0000000000000111110000000000
0000000000011111100000000000
0000000000111111000000000000
0000000001111111111000000000
0000000111111111111100000000
0000011111111111111111000000
0000011111111111111111100000
0000011111110000000111100000
0000001111000000000000000000
0000000000000000000000000000
0000000000000000000000000000
0000000000000000000000000000
0000000000000000000000000000
