0000000000000000000000000000
0000000000000000000000000000
0000000000000000000000000000
0000000000011111110000000000
0000000000111111111000000000
0000000011111111111100000000
0000000011110000111100000000
0000000111100000011100000000
0000000111000000001100000000
0000000000000000001100000000
0000000000000000001100000000
0000000000000000011100000000
0000000000000000011100000000
0000000000000000011100000000
0000000000000000011100000000
0000000000000000111100000000
0000000000000001111000000000
0000001111111111110000000000
0000001111111111110000000000
0000001110001111100011000000
0000001111111111111111000000
0000001111111111111111000000
0000001111111000111100000000
0000000000000000000000000000
0000000000000000000000000000
0000000000000000000000000000
0000000000000000000000000000
0000000000000000000000000000
