0000000000000000000000000000
0000000000000000000000000000
0000000000000000000000000000
0000000000000000000000000000
0000011111111111111100000000
0000011111111111111100000000
0000011111111111111111000000
0000001111111111111111000000
0000000011111111111111000000
0000000000000000111110000000
0000000000000001111100000000
0000000000000111111100000000
0000000000000111110000000000
0000000000001111110000000000
0000000000111111110000000000
0000000000111111000000000000
0000000011111111000000000000
0000000111111100000000000000
0000000111111000000000000000
0000001111110000011111100000
0000001111111111111111111000
0000001111111111111111111000
0000000111111111111111111000
0000000111111111111111110000
0000000000000000000000000000
0000000000000000000000000000
0000000000000000000000000000
0000000000000000000000000000
