0000000000000000000000000000
0000000000000000000000000000
0000000000000000000000000000
0000000000000000000000000000
0000000000000000000000000000
0000000000000011111111100000
0000000000111111111111110000
0000000011111111111111110000
0000001111111111111111100000
0000111111111100011111100000
0000111111110000011111100000
0000111111000001111111000000
0000111100000001111110000000
0000000000000011111100000000
0000000000001111111000000000
0000000000011111110001100000
0000000001111111000111110000
0000000011111110001111110000
0000000111111111111111110000
0000011111111111111111110000
0000011111111111111111100000
0000011111111111111100000000
0000001111111110000000000000
0000000000000000000000000000
0000000000000000000000000000
0000000000000000000000000000
0000000000000000000000000000
0000000000000000000000000000
