0000000000000000000000000000
0000000000000000000000000000
0000000000000000000000000000
0000000001111110000000000000
0000000001111111100000000000
0000000001111111110000000000
0000000001111111111000000000
0000000001110111111000000000
0000000001111111111100000000
0000000000111101111100000000
0000000000111101111100000000
0000000000000101111100000000
0000000000000000111100000000
0000000011110001111100000000
0000000111111111111100000000
0000001111111111111110000000
0000001111111111111110000000
0000001111111111111111110000
0000001111111111111111111000
0000001111111111111111111100
0000000111111111100011111100
0000000001111111000000011100
0000000000000000000000000000
0000000000000000000000000000
0000000000000000000000000000
0000000000000000000000000000
0000000000000000000000000000
0000000000000000000000000000
