0000000000000000000000000000
0000000000000000000000000000
0000000000000000000000000000
0000000000000001111110000000
0000000000000011111110000000
0000000000001111111111000000
0000000000111111111111000000
0000000000111111011111000000
0000000000111110011111000000
0000000000111100011111000000
0000000000000000011110000000
0000000000000000111110000000
0000000000000000111110000000
0000000000000001111100000000
0000000000000011111000000000
0000000000111111111000000000
0000000111111111110000000000
0000001111111111111000000000
0000011111111111111000100000
0000011111111111111111110000
0000111111111101111111110000
0000111111110000011111100000
0000111111000000001110000000
0000000000000000000000000000
0000000000000000000000000000
0000000000000000000000000000
0000000000000000000000000000
0000000000000000000000000000
