0000000000000000000000000000
0000000000000000000000000000
0000000000000000000000000000
0000000111111100000000000000
0000001111111111000000000000
0000001111111111100000000000
0000000000011111111000000000
0000000000000111111000000000
0000000000000011111100000000
0000000000000001111100000000
0000000000000000111100000000
0000000000000000111100000000
0000000000000000111100000000
0000000000000000111100000000
0000000000001101111100000000
0000000000111111111100000000
0000000011111111111000000000
0000000111111111111100000000
0000001111111111111110000000
0000001111111111111111100000
0000001111111111111111110000
0000001111111100000111111100
0000001111110000000011111100
0000000000000000000000000000
0000000000000000000000000000
0000000000000000000000000000
0000000000000000000000000000
0000000000000000000000000000
