0000000000000000000000000000
0000000000000000000000000000
0000000000000000000000000000
0000000000000000000000000000
0000000000000000000000000000
0000000000000000000000000000
0000000000111110000000000000
0000000011111111100000000000
0000000111111111111000000000
0000011111100001111100000000
0000011100000000011100000000
0000000000000000001100000000
0000000000000000011100000000
0000000000000000011100000000
0000000000000000011100000000
0000000000000000111000000000
0000000001111111110000000000
0000000001111111111100000000
0000000001101111111111000000
0000000001111111001111111000
0000000001111110000011111000
0000000000111000000000000000
0000000000000000000000000000
0000000000000000000000000000
0000000000000000000000000000
0000000000000000000000000000
0000000000000000000000000000
0000000000000000000000000000
