0000000000000000000000000000
0000000000000000000000000000
0000000000000000000000000000
0000000000011000000110000000
0000000000011000011111100000
0000000000000011111111100000
0000000000000011111111100000
0000000000000111111111100000
0000000000000111111111100000
0000000000000111111111100000
0000000000000011011111100000
0000000000000000011111000000
0000000000000001111110000000
0000000000011111111110000000
0000000011111111111100000000
0000011111111111111100000000
0000111111111111111100000000
0001111111111111111110000000
0001111111111111111110000000
0001111111111111011110000000
0001111111111110011111000000
0001111111111000001111000000
0000111111100000000111000000
0000000000000000000000000000
0000000000000000000000000000
0000000000000000000000000000
0000000000000000000000000000
0000000000000000000000000000
