0000000000000000000000000000
0000000000000000000000000000
0000000000000000000000000000
0000000000000011111000000000
0000000000000111111110000000
0000000000001111111111100000
0000000000001111111111100000
0000000000001111111111100000
0000000000001111111111100000
0000000000001111111111110000
0000000000000000000111110000
0000000000000000000111100000
0000000000000000001111100000
0000000000000000011111100000
0000000000111111111111100000
0000000111111111111111000000
0000011111111111111111000000
0000011111111111111111100000
0000111111111111111111100000
0000111111111111100111000000
0000111111111111000000000000
0000111111111000000000000000
0000111111100000000000000000
0000000000000000000000000000
0000000000000000000000000000
0000000000000000000000000000
0000000000000000000000000000
0000000000000000000000000000
