0000000000000000000000000000
0000000000000000000000000000
0000000000000000000000000000
0000000000000000111111000000
0000000000000011111111100000
0000000000000011111111000000
0000000000000001111111000000
0000000000000000001110000000
0000000000000000001110000000
0000000000000000011110000000
0000000000000000011100000000
0000000000000000111100000000
0000000000000000111000000000
0000000000000001111000000000
0000000000000011110000000000
0000000000011111110000000000
0000001111111111111000000000
0000001111111111111100000000
0000011110111110111111000000
0000011101111100011111000000
0000011111111000001111000000
0000011111110000000000000000
0000001111100000000000000000
0000000000000000000000000000
0000000000000000000000000000
0000000000000000000000000000
0000000000000000000000000000
0000000000000000000000000000
