0000000000000000000000000000
0000000000000000000000000000
0000000000000000000000000000
0000000000001111110000000000
0000000000011111111000000000
0000000000111111111000000000
0000000001111111111000000000
0000000011111111111100000000
0000000001111000111100000000
0000000000110000111100000000
0000000000000000111100000000
0000000000000000111100000000
0000000000000000111100000000
0000000000000001111000000000
0000000000000001111000000000
0000000000000111111000000000
0000000111111111110000000000
0000001111111111110000000000
0000001111111111111111110000
0000001111111111111111110000
0000001111111111111111000000
0000001111111111111110000000
0000001111110000000000000000
0000000000000000000000000000
0000000000000000000000000000
0000000000000000000000000000
0000000000000000000000000000
0000000000000000000000000000
