0000000000000000000000000000
0000000000000000000000000000
0000000000000000000000000000
0000000000000000000000000000
0000000000000011111110000000
0000000000000111111111000000
0000000000001111110111000000
0000000000001111100111000000
0000000000000110001111000000
0000000000000000001110000000
0000000000000000011110000000
0000000000000000011110000000
0000000000000000111100000000
0000000000000000111100000000
0000000000000111111000000000
0000000000011111110000000000
0000000001111111111000000000
0000000111111111111100000000
0000000111111111111100000000
0000001111111111011100000000
0000001111111110011110000000
0000001111111100001110000000
0000001111110000000000000000
0000001111100000000000000000
0000000000000000000000000000
0000000000000000000000000000
0000000000000000000000000000
0000000000000000000000000000
