0000000000000000000000000000
0000000000000000000000000000
0000000000000000000000000000
0000000000000000111000000000
0000000000000011111100000000
0000000000000011111110000000
0000000000000111111110000000
0000000000000111110110000000
0000000000000111101110000000
0000000000000000001110000000
0000000000000000011110000000
0000000000000000011110000000
0000000000000000111100000000
0000000000000011111100000000
0000000011111111111111110000
0000001111111111111111111000
0000011111111111111111111000
0000011111111111000010011000
0000011101111110000000000000
0000011111111100000000000000
0000011111111000000000000000
0000011111100000000000000000
0000011100000000000000000000
0000000000000000000000000000
0000000000000000000000000000
0000000000000000000000000000
0000000000000000000000000000
0000000000000000000000000000
