0000000000000000000000000000
0000000000000000000000000000
0000000000000000000000000000
0000000000000000000000000000
0000000001111111110000000000
0000000111111111111000000000
0000011111111111111000000000
0000111111100001111100000000
0000111100000000011110000000
0000111000000000011110000000
0000110000000000011110000000
0000000000000000011110000000
0000000000000000011110000000
0000000000000000011110000000
0000000111111111111110000000
0000001111111111111111000000
0000001111111111111111110000
0000011111000011111111110000
0000001111000011111011110000
0000000111100111110001110000
0000000111111111110011110000
0000000011111111100011110000
0000000001111110000011110000
0000000000110000000001110000
0000000000000000000000000000
0000000000000000000000000000
0000000000000000000000000000
0000000000000000000000000000
