0000000000000000000000000000
0000000000000000000000000000
0000000000000000000000000000
0000000000000000000000000000
0000000000000011111000000000
0000000000000111111000000000
0000000000001111111100000000
0000000000001110011000000000
0000000000011100011000000000
0000000000001100011000000000
0000000000000000011000000000
0000000000000000111000000000
0000000000000001111000000000
0000000000000001110000000000
0000000000000011110000000000
0000000000000111100000000000
0000000000001111100000000000
0000000000011111110000000000
0000000001111111110000000000
0000000011111101111000000000
0000000111110000111000000000
0000000111100000011000000000
0000000111000000000000000000
0000001110000000000000000000
0000000000000000000000000000
0000000000000000000000000000
0000000000000000000000000000
0000000000000000000000000000
