0000000000000000000000000000
0000000000000000000000000000
0000000000000000000000000000
0000000000000000000000000000
0000000000000000000000000000
0000000001111111111110000000
0000000011111111111110000000
0000000011111100000111000000
0000000011100000000111000000
0000000001100000001110000000
0000000000000000011110000000
0000000000000000111100000000
0000000000000001111000000000
0000000000000001110000000000
0000000000000111100000000000
0000000000001111000000000000
0000000000001110000000000000
0000000000111100000000000000
0000000000111000000000000000
0000000001110000000000000000
0000000011110000000000000000
0000000111100000000000000000
0000000111111111110000000000
0000000011111111111111100000
0000000001111111111111000000
0000000000000000000000000000
0000000000000000000000000000
0000000000000000000000000000
