0000000000000000000000000000
0000000000000000000000000000
0000000000000000000000000000
0000000000000000000000000000
0000000000111111110000000000
0000000001111111110000000000
0000000001110111111000000000
0000000001111111111000000000
0000000001111111111000000000
0000000000111100111000000000
0000000000000001111000000000
0000000000000001111000000000
0000000000000001110000000000
0000000000000001110001100000
0000000000000011110001100000
0000000011100111100011100000
0000001111111111100111100000
0000011111111111000111000000
0000011111111100000111000000
0000011111111100001110000000
0000001111111110011110000000
0000000000011111111100000000
0000000000001111111000000000
0000000000000111110000000000
0000000000000000000000000000
0000000000000000000000000000
0000000000000000000000000000
0000000000000000000000000000
