0000000000000000000000000000
0000000000000000000000000000
0000000000000000000000000000
0000000000000000000000000000
0000000000000000110011100000
0000000000000111111111100000
0000000000011111111111100000
0000000000011111111111000000
0000000000111111111111000000
0000000001111111111111000000
0000000001111111111111000000
0000000000111111111111000000
0000000000011100011110000000
0000000000000000011110000000
0000000011100000111110000000
0000001111100001111110000000
0000011111111001111100000000
0000111111111111111000000000
0001111101111111110000000000
0001111000111111111110000000
0001110011111111111111000000
0001111111111111111111000000
0001111111111111111110000000
0000111111100001100000000000
0000000000000000000000000000
0000000000000000000000000000
0000000000000000000000000000
0000000000000000000000000000
