0000000000000000000000000000
0000000000000000000000000000
0000000000000000000000000000
0000000000000111110000000000
0000000000011111111000000000
0000000001111111111000000000
0000000011111111111100000000
0000000011111100111100000000
0000000011110000111100000000
0000000001100000111100000000
0000000000000001111100000000
0000000000000001111100000000
0000000000000001111100000000
0000001111000011111000000000
0000011111100111110000000000
0000111111111111110011110000
0000111111111111100011110000
0000111011111111000011110000
0000111111111110000111110000
0000111111111111111111110000
0000111111111111111111100000
0000000000011111111111000000
0000000000000111111100000000
0000000000000000000000000000
0000000000000000000000000000
0000000000000000000000000000
0000000000000000000000000000
0000000000000000000000000000
