0000000000000000000000000000
0000000000000000000000000000
0000000000000000000000000000
0000000000000111000000000000
0000000000000000000000000000
0000000000000000000000000000
0000000000111111000000000000
0000000001111111111000000000
0000000001111111111000000000
0000000001111111111100000000
0000000001111111111100000000
0000000000000000111100000000
0000000000000001111100000000
0000000000000011111100000000
0000000000001111111000000000
0000000000111111111100000000
0000000011111111111110000000
0000000111111111111111000000
0000001111111111111111000000
0000011111111000011111100000
0000011111110000001111100000
0000011111000000001111100000
0000001100000000000111000000
0000000000000000000000000000
0000000000000000000000000000
0000000000000000000000000000
0000000000000000000000000000
0000000000000000000000000000
