0000000000000000000000000000
0000000000000000000000000000
0000000000000000000000000000
0000000000000000000000000000
0000000000001111111000000000
0000000000001111111000000000
0000000000011111111100000000
0000000000011111111100000000
0000000000111110011100000000
0000000000111100001100000000
0000000000111100001100000000
0000000000000000001100000000
0000000000000000011100000000
0000000000000000011100000000
0000000111111111111111100000
0000001111111111111111110000
0000001111111111111111110000
0000011111000001111111100000
0000011110000001110000000000
0000001111000011110000000000
0000000111100111100000000000
0000000111111111000000000000
0000000011111110000000000000
0000000001111110000000000000
0000000000000000000000000000
0000000000000000000000000000
0000000000000000000000000000
0000000000000000000000000000
