0000000000000000000000000000
0000000000000000000000000000
0000000000000000000000000000
0000000000000000000000000000
0000000000000000000000000000
0000000000000001111111100000
0000000000000111111111100000
0000000000011111111111100000
0000000000111111000011100000
0000000000111100000111100000
0000000000111000000011100000
0000000000111000000111100000
0000000000000000001111000000
0000000000000000011111000000
0000001111111100011110000000
0000111111111111111100000000
0001111111111111111100000000
0001111000001111111000000000
0001110000011111111111100000
0001110001111111111111100000
0001111111111110011110000000
0001111111111000000000000000
0000111111100000000000000000
0000000000000000000000000000
0000000000000000000000000000
0000000000000000000000000000
0000000000000000000000000000
0000000000000000000000000000
