0000000000000000000000000000
0000000000000000000000000000
0000000000000000000000000000
0000000000000000000000000000
0000000001100000000000000000
0000000001111111100000000000
0000000001111111110000000000
0000000011111111110000000000
0000000011100001110000000000
0000000011000011100000000000
0000000000000111100000000000
0000000000001111000000000000
0000000000001111000000000000
0000000000011110000000000011
0000000000011100000000000111
0000000000011100000000001110
0000000000111000000001111110
0000000000111000000011111000
0000000001110000001111110000
0000000001110000011111000000
0000000001111111111110000000
0000000001111111111000000000
0000000000111111110000000000
0000000000000000000000000000
0000000000000000000000000000
0000000000000000000000000000
0000000000000000000000000000
0000000000000000000000000000
