0000000000000000000000000000
0000000000000000000000000000
0000000000000000000000000000
0000000000000000000000000000
0000000000000000000000000000
0000000000000000001110000000
0000000000000000111110000000
0000000000000011111111110000
0000000000011111111111110000
0000000000011111110011110000
0000000000011100000001110000
0000000000000000000001110000
0000000000000000000011110000
0000000000000000000111100000
0000000000111111001111000000
0000000001111111111110000000
0000000111111111111100000000
0000001111100111111000000000
0000011111011111110000000000
0000111111111111100000000000
0000111111111011100000000000
0000111111000000000000000000
0000011000000000000000000000
0000000000000000000000000000
0000000000000000000000000000
0000000000000000000000000000
0000000000000000000000000000
0000000000000000000000000000
