0000000000000000000000000000
0000000000000000000000000000
0000000000000000000000000000
0000000000000000000000000000
0000000000111111111000000000
0000000000111111111100000000
0000000000111001111100000000
0000000000000000011100000000
0000000000000000011100000000
0000000000000000011100000000
0000000000000000011100000000
0000000000000000011100000000
0000000000000000111100000000
0000000000000000111000000000
0000000000000001111000000000
0000000000000011110000000000
0000000001111111110000000000
0000000011111111110000000000
0000000011101111110000000000
0000000111011111000000000000
0000000111111110000000000000
0000000111111100000000000000
0000000011111000000000000000
0000000011110000000000000000
0000000000000000000000000000
0000000000000000000000000000
0000000000000000000000000000
0000000000000000000000000000
