0000000000000000000000000000
0000000000000000000000000000
0000000000000000000000000000
0000000000000000000000000000
0000000000000000011110000000
0000000000000000111111000000
0000000000001111111111100000
0000000000111111111111100000
0000000011111111111111100000
0000000111111111110011100000
0000000111111110000011100000
0000000111111000000011100000
0000000111000000000111100000
0000000000000000001111100000
0000000000000001111111000000
0000000111111111111111000000
0000001111111111111111110000
0000011111111111111111111000
0000011111101111111100111000
0000011111111111110000111000
0000011111111111100000011000
0000011111111110000000011000
0000011111111100000000000000
0000000111111000000000000000
0000000000000000000000000000
0000000000000000000000000000
0000000000000000000000000000
0000000000000000000000000000
