0000000000000000000000000000
0000000000000000000000000000
0000000000000000000000000000
0000000000011111111100000000
0000000001111111111110000000
0000000001111111111110000000
0000000001111110011111000000
0000000001100000001111000000
0000000001100000001111000000
0000000001000000001110000000
0000000000000000011110000000
0000000000000000111110000000
0000000000000001111110000000
0000000000000011111100000000
0000000000000111111000000000
0000000000001111110000000000
0000000000011111000000000000
0000000001111111000000000000
0000000011111111111111000000
0000001111111111111111100000
0000011111111111111111100000
0000011111111111111111100000
0000011111111000000000000000
0000000000000000000000000000
0000000000000000000000000000
0000000000000000000000000000
0000000000000000000000000000
0000000000000000000000000000
