0000000000000000000000000000
0000000000000000000000000000
0000000000000000000000000000
0000000000000000000000000000
0000000001111111111000000000
0000000001111111111000000000
0000000001111111111100000000
0000000000111111111100000000
0000000000111000011110000000
0000000000000000001110000000
0000000000000000001110000000
0000000000000000001110000000
0000000000000000011110000000
0000000000000000111100000000
0000001111111111111100000000
0000111111111111111000000000
0000111111111111111000000000
0001111111111111111100000000
0001110000111111111110000000
0000000011111111111111000000
0000000111111111011111000000
0000110111111100000111100000
0000110111111000000111100000
0000111111100000000011100000
0000000000000000000000000000
0000000000000000000000000000
0000000000000000000000000000
0000000000000000000000000000
