0000000000000000000000000000
0000000000000000000000000000
0000000000000000000000000000
0000000000000111110000000000
0000000000001111111000000000
0000000000111111111000000000
0000000000111111111100000000
0000000000111111111100000000
0000000000111100111100000000
0000000000000000111100000000
0000000000000000111100000000
0000000000000000111100000000
0000000000000000111100000000
0000000000000000111100000000
0000000000000000111100000000
0000000111000001111000000000
0000011111111111111111111000
0000011111111111111111111000
0000011111111111111111111000
0000011111111111111111111000
0000011111111111000000110000
0000001111111110000000000000
0000000111111000000000000000
0000000000000000000000000000
0000000000000000000000000000
0000000000000000000000000000
0000000000000000000000000000
0000000000000000000000000000
