0000000000000000000000000000
0000000000000000000000000000
0000000000000000000000000000
0000000000000000000000000000
0000000011111111111000000000
0000001111111111111110000000
0000011111111111111111000000
0000011111100000011111100000
0000001111100000001111100000
0000000011100000000111100000
0000000000000000000011100000
0000000000000000000011100000
0000000000000000000011100000
0000000000000000000011100000
0000000000000000000111100000
0000000000000000000111100000
0000000000000000001111100000
0000111111111100001111000000
0001111111111111111110000000
0001111111111111111110000000
0001111000000111111110000000
0001110000000011111111100000
0001110000000111111111100000
0001100000000111100111000000
0000000000000000000000000000
0000000000000000000000000000
0000000000000000000000000000
0000000000000000000000000000
