0000000000000000000000000000
0000000000000000000000000000
0000000000000000000000000000
0000000000000000000000000000
0000000011111111000000000000
0000000111111111110000000000
0000000111111111111000000000
0000000111000001111000000000
0000000110000001111100000000
0000000000000000111110000000
0000000000000000011110000000
0000000000000000011110000000
0000000000000000001110000000
0000000000000000001110000000
0000000011100000001110000000
0000000111111100001110000000
0000001111111110001110000000
0000001111111111111110000000
0000001111000111111110000000
0000001110000001111111110000
0000001111000000111111110000
0000000111100001111111100000
0000000011111111111000000000
0000000000011111110000000000
0000000000000000000000000000
0000000000000000000000000000
0000000000000000000000000000
0000000000000000000000000000
