0000000000000000000000000000
0000000000000000000000000000
0000000000000000000000000000
0000000000000000000000000000
0000000000000000000000000000
0000000011111110000000000000
0000000111111111000000000000
0000000111111111000000000000
0000001111100111100000000000
0000001111000011110000000000
0000000000000001110000000000
0000000000000001110000000000
0000000000000001100000000000
0000000000000011100000000000
0000000000000011100000000000
0000000000000111100000000000
0000000111111111100000000000
0000001111111111111110000000
0000001111111111111111111100
0000001111111111111111111100
0000001111110000000111111100
0000000000000000000000000000
0000000000000000000000000000
0000000000000000000000000000
0000000000000000000000000000
0000000000000000000000000000
0000000000000000000000000000
0000000000000000000000000000
