0000000000000000000000000000
0000000000000000000000000000
0000000000000000000000000000
0000000000000001111110000000
0000000000000001111111000000
0000000000000011111111000000
0000000000000011111111000000
0000000000000011111111000000
0000000000000000001111000000
0000000000000000001111000000
0000000000000000011110000000
0000000000000000111110000000
0000000000000000111100000000
0000000000000001111100000000
0000000000000011111000000000
0000000000110111111000000000
0000000111111111110000000000
0000001111111111110000000000
0000001111111111111000000000
0000011111111111111100000000
0000111111111100111100000000
0000111111110000011110000000
0000111111100000001110000000
0000000000000000000000000000
0000000000000000000000000000
0000000000000000000000000000
0000000000000000000000000000
0000000000000000000000000000
