0000000000000000000000000000
0000000000000000000000000000
0000000000000111111000000000
0000000000001111111000000000
0000000000001111111100000000
0000000000011111111100000000
0000000000011110111100000000
0000000000111100011100000000
0000000000111100111100000000
0000000000011101111100000000
0000000000000011111100000000
0000000000001111111100000000
0000000000011111111000000000
0000000001111111110000000000
0000000011111111000000000000
0000000111111110000000000000
0000001111110000000000000000
0000001111100011111111000000
0000011111111111111111000000
0000011111111111111111000000
0000001111111111111111000000
0000001111111111111111000000
0000000000000000000000000000
0000000000000000000000000000
0000000000000000000000000000
0000000000000000000000000000
0000000000000000000000000000
0000000000000000000000000000
