0000000000000000000000000000
0000000000000000000000000000
0000000000000000000000000000
0000000000000111110000000000
0000000000001111111000000000
0000000000111111111000000000
0000000001111111111100000000
0000000001111111111100000000
0000000011111100111100000000
0000000011111100111100000000
0000000011111000111100000000
0000000011111001111100000000
0000000111110011111000000000
0000000011000111111000000000
0000000000011111111000000000
0000000001111111110000000000
0000000011111111100000000000
0000000111111110000000000000
0000000111111100001111100000
0000000111111111111111100000
0000000111111111111111100000
0000000111111111111111100000
0000000011111111111111100000
0000000000000000000000000000
0000000000000000000000000000
0000000000000000000000000000
0000000000000000000000000000
0000000000000000000000000000
