0000000000000000000000000000
0000000000000000000000000000
0000000000000000000000000000
0000000000000000000000000000
0000000000000000000000000000
0000000000000000000000000000
0000000000000000000000000000
0000000000001110000000000000
0000001111111111111100000000
0000111111111111111111000000
0000111110000000000111110000
0000000000000000000001110000
0000000000000000000000110000
0000000000000000000001110000
0000000000000000111111110000
0000000000001111111111110000
0000000011111111111111000000
0000001111111101111100000000
0000001111111111111000000000
0000001111111111100000000000
0000000001100000000000000000
0000000000000000000000000000
0000000000000000000000000000
0000000000000000000000000000
0000000000000000000000000000
0000000000000000000000000000
0000000000000000000000000000
0000000000000000000000000000
