0000000000000000000000000000
0000000000000000000000000000
0000000000000000000000000000
0000000000111100000000000000
0000000000111110000000000000
0000000000011111000000000000
0000000000000111100000000000
0000000000000011110000000000
0000000000000011110000000000
0000000000000001111000000000
0000000000000000111000000000
0000000000000000011100000000
0000000000000000011100000000
0000000000000000011100000000
0000000000000000111000000000
0000000000011111111000000000
0000000001111111111000000000
0000000011111111111100000000
0000000111100011111110000000
0000000111000111111110000000
0000000110011111001110000000
0000000111111100000110000000
0000000111111000000000000000
0000000000000000000000000000
0000000000000000000000000000
0000000000000000000000000000
0000000000000000000000000000
0000000000000000000000000000
