0000000000000000000000000000
0000000000000000000000000000
0000000000000000000000000000
0000000000000000000000000000
0000000011111100000000000000
0000011111111110000000000000
0000111111111111000000000000
0000111100001111100000000000
0000110000000011111000000000
0000110000000011111000000000
0000000000000000111100000000
0000000000000000111100000000
0000000000000000011100000000
0000000000000000011110000000
0000000000000000011100000000
0000000000000111111100000000
0000000001111111111100000000
0000000001111111111110000000
0000000001110001111110000000
0000000001110001111111000000
0000000001111011110111100000
0000000001111111100111100000
0000000000111111100011110000
0000000000001110000001110000
0000000000000000000000000000
0000000000000000000000000000
0000000000000000000000000000
0000000000000000000000000000
