0000000000000000000000000000
0000000000000000000000000000
0000000000000000000000000000
0000000000000000000000000000
0000000000111111111000000000
0000000000111111111100000000
0000000011111111111100000000
0000000011111111111100000000
0000000111111000111100000000
0000001111110001111100000000
0000001111100001111000000000
0000000111000011111000000000
0000000000000011111000000000
0000000000000111110000000000
0000000000000111110000000000
0000000000001111100000000000
0000000000011111000000000000
0000000000111111000000000000
0000000111111110000000111000
0000001111111110000000111000
0000001111111111111111111100
0000001111111111111111111000
0000001111001111111111111000
0000000100000011111111100000
0000000000000000000000000000
0000000000000000000000000000
0000000000000000000000000000
0000000000000000000000000000
