0000000000000000000000000000
0000000000000000000000000000
0000000000000111111000000000
0000000000000111111100000000
0000000000001111111110000000
0000000000001111111110000000
0000000000000111111111000000
0000000000000111101111000000
0000000000000000000111000000
0000000000000000000111100000
0000000000000000000111100000
0000000000000000001111000000
0000000000000000001111000000
0000000000000000011111000000
0000001111110000111110000000
0000011111111101111110000000
0000011111111111111100000000
0000011111111111111100000000
0000011111111111111111110000
0000011111111111111111111000
0000011111111111111111111000
0000001111111100011111110000
0000000000000000000000000000
0000000000000000000000000000
0000000000000000000000000000
0000000000000000000000000000
0000000000000000000000000000
0000000000000000000000000000
