0000000000000000000000000000
0000000000000000000000000000
0000000000000000000000000000
0000000000000000000000000000
0000000000011111111100000000
0000000000111111111110000000
0000000001111111111111000000
0000000000111000011111100000
0000000000000000000111100000
0000000000000000000011110000
0000000000000000000011110000
0000000000000000000011110000
0000000000000000000011110000
0000000000000000000111110000
0000000001111000001111100000
0000000111111111111111100000
0000001111111111111111100000
0000001111111111111111000000
0000011111000011111110000000
0000011110001111111100000000
0000011110111111111000000000
0000011111111111110000000000
0000001111111111000000000000
0000001111111100000000000000
0000000000000000000000000000
0000000000000000000000000000
0000000000000000000000000000
0000000000000000000000000000
