0000000000000000000000000000
0000000000000000000000000000
0000000000011000000000000000
0000000000111100000000000000
0000000000011110000000000000
0000000000000111000000000000
0000000000000111000000000000
0000000000000011000000000000
0000000000000011000000000000
0000000000000011000000000000
0000000000000011100000000000
0000000000000011100000000000
0000000000000011100000000000
0000000000011111100000000000
0000000000011111110000000000
0000000000111011111000000000
0000000000111011111100000000
0000000000111011111111000000
0000000000110011001111110000
0000000000111111000011000000
0000000000111110000000000000
0000000000011100000000000000
0000000000000000000000000000
0000000000000000000000000000
0000000000000000000000000000
0000000000000000000000000000
0000000000000000000000000000
0000000000000000000000000000
