0000000000000000000000000000
0000000000000000000000000000
0000000000000000000000000000
0000000000000000000000000000
0000000011111111000000000000
0000000111111111110000000000
0000000111111111111000000000
0000000111111111111110000000
0000000000000000111110000000
0000000000000000011111000000
0000000000000000001111000000
0000000000000000000111000000
0000000000000000000111100000
0000000000000000000111100000
0000000000001011001111000000
0000000111111111111111000000
0000000111111111111111110000
0000000111111111111111111100
0000001111111111111111111100
0000001111111111111001111100
0000001111111111110000000000
0000001111111111000000000000
0000001111111100000000000000
0000001111000000000000000000
0000000000000000000000000000
0000000000000000000000000000
0000000000000000000000000000
0000000000000000000000000000
