0000000000000000000000000000
0000000000000000000000000000
0000000000000000000000000000
0000000000000000000000000000
0000000000000000001111000000
0000000000000001111111110000
0000000000000111111111110000
0000000000001111111111110000
0000000000011111000001110000
0000000000011110000011110000
0000000000000000000011110000
0000000000000000000011110000
0000000000000000000111110000
0000000000000000001111100000
0000000000110000011111000000
0000000111111111011110000000
0000011111111111111100000000
0000111111111111111110000000
0000111110001111111110000000
0000111001111111100000000000
0000111111111110000000000000
0000111111110000000000000000
0000111111100000000000000000
0000000000000000000000000000
0000000000000000000000000000
0000000000000000000000000000
0000000000000000000000000000
0000000000000000000000000000
