0000000000000000000000000000
0000000000000000000000000000
0000000000000000000000000000
0000000000000000001110000000
0000000000000000011111000000
0000000000000001111111000000
0000000000000111111111100000
0000000000000111111111100000
0000000000000111100111100000
0000000000000000000011100000
0000000000000000000111100000
0000000000000000000111100000
0000000000000000001111000000
0000000000000000001111000000
0000000000000000011111000000
0000000011111111111110000000
0000001111111111111100000000
0000111111111111111000000000
0001111110011111111000000000
0001111111111111111111000000
0001111111111100011111000000
0001111111111000001100000000
0001111111000000000000000000
0000000000000000000000000000
0000000000000000000000000000
0000000000000000000000000000
0000000000000000000000000000
0000000000000000000000000000
