0000000000000000000000000000
0000000000000000000000000000
0000000000000000000000000000
0000000000000000000000000000
0000000000111111110000000000
0000000011111111111000000000
0000000111111111111000000000
0000000111111100111000000000
0000001111100001111000000000
0000001111000001111000000000
0000000111000001111000000000
0000000011000011110000000000
0000000000000011110000000000
0000000000000011110000000000
0000000000000111100000000000
0000000000000111100000000000
0000000000001111100000000000
0000000000011111000011111000
0000000000111111111111111100
0000000000111111111111111000
0000000001111111111110000000
0000000001111111110000000000
0000000011111111100000000000
0000000001111000000000000000
0000000000000000000000000000
0000000000000000000000000000
0000000000000000000000000000
0000000000000000000000000000
