0000000000000000000000000000
0000000000000000000000000000
0000000000000000000000000000
0000000000000000000000000000
0000000000000000000000000000
0000000000001111000000000000
0000000001111111100000000000
0000000011111111100000000000
0000001111111011100000000000
0000001111000011100000000000
0000001100000011100000000000
0000000000000011100000000000
0000000000000011100000000000
0000000000000111100000000000
0000000000001111100000000000
0000000001111111111100000000
0000000011111111111111000000
0000000111111100111111100000
0000001111111000000111110000
0000001111111000000011111000
0000001111100000000001111100
0000001111100000000000011100
0000001110000000000000001000
0000000000000000000000000000
0000000000000000000000000000
0000000000000000000000000000
0000000000000000000000000000
0000000000000000000000000000
