0000000000000000000000000000
0000000000000000000000000000
0000000000000000000000000000
0000000000000000000000000000
0000000000001111111000000000
0000000000011111111100000000
0000000000111111111110000000
0000000001111111111111000000
0000000001111110001111000000
0000000000011000001111000000
0000000000000000001111100000
0000000000000011111111111000
0000000001111111111111111000
0000000011111111111111111000
0000000111111111011111000000
0000001111111000111110000000
0000011111000001111110000000
0000011110000011111100000000
0000011110001111111000000000
0000011100011111110000000000
0000011111111111100000000000
0000011111111110000000000000
0000011111111100000000000000
0000011111110000000000000000
0000000000000000000000000000
0000000000000000000000000000
0000000000000000000000000000
0000000000000000000000000000
