0000000000000000000000000000
0000000000000000000000000000
0000000000000000000000000000
0000000000001111111000000000
0000000000011111111100000000
0000000000111111111110000000
0000000000111111111110000000
0000000000111000001111000000
0000000000000000000111000000
0000000000000000000111000000
0000000000000000000111000000
0000000000000000001111000000
0000000000000000001111000000
0000000000000000011110000000
0000000000111000111110000000
0000000111111111111100000000
0000001111111111111000000000
0000001111111111110000000000
0000011111111111111000000000
0000011111111111111100000000
0000011111111100111110000000
0000011111111000011110000000
0000011111110000000000000000
0000000000000000000000000000
0000000000000000000000000000
0000000000000000000000000000
0000000000000000000000000000
0000000000000000000000000000
