0000000000000000000000000000
0000000000000000000000000000
0000000000000000000000000000
0000000000000000000000000000
0000000000000000000000000000
0000000000011111110000000000
0000000000111111111000000000
0000000000111111111000000000
0000000000111111111100000000
0000000000000001111100000000
0000000000000000111110000000
0000000000000000111110000000
0000000000000000011100000000
0000000000001100111100000000
0000000000011110111100000000
0000000001111111111100000000
0000000001111111111110000000
0000000001111111111111000000
0000000011111111111111000000
0000000011111111111111000000
0000000011111111000000000000
0000000011111110000000000000
0000000011111100000000000000
0000000011111000000000000000
0000000001110000000000000000
0000000000000000000000000000
0000000000000000000000000000
0000000000000000000000000000
