0000000000000000000000000000
0000000000000000000000000000
0000000000000000000000000000
0000000000000000000000000000
0000000000000000000000000000
0000000111110000000000000000
0000011111111000000000000000
0000111111111110000000000000
0000111111111111000000000000
0000111000011111100000000000
0000000000001111100000000000
0000000000001111100000000000
0000000000000111100000000000
0000000000000011100000000000
0000000000000011100000000000
0000000000000011100000000000
0000000000000011100000000000
0000000000000011100000000000
0000000000011111100000000000
0000000000011111110000000000
0000000000011111111000000000
0000000000011111111111010000
0000000000000000111111110000
0000000000000000001111110000
0000000000000000000011110000
0000000000000000000000000000
0000000000000000000000000000
0000000000000000000000000000
