0000000000000000000000000000
0000000000000000000000000000
0000000000000000000000000000
0000000000000000000000000000
0000000000000000000000000000
0000000011111111110000000000
0000011111111111111000000000
0000011111111111111100000000
0000011111111001111100000000
0000011000000000111100000000
0000000000000000111100000000
0000000000000000111100000000
0000000000000000111100000000
0000000000000001111100000000
0000000000000001111000000000
0000000000000011111111000000
0000000001111111111111111000
0000000011111111111111111000
0000001111111111111111111000
0000001111111111000000011000
0000001111111110000000000000
0000000111111000000000000000
0000000011110000000000000000
0000000000000000000000000000
0000000000000000000000000000
0000000000000000000000000000
0000000000000000000000000000
0000000000000000000000000000
