0000000000000000000000000000
0000000000000000000000000000
0000000000000000000000000000
0000000001111110000000000000
0000000111111111100000000000
0000001111111111110000000000
0000001111111111111000000000
0000001111101111111100000000
0000000000000001111100000000
0000000000000000111100000000
0000000000000000111100000000
0000000000000000111100000000
0000000000000000111100000000
0000001111111000111100000000
0000001111111101111000000000
0000001111111111111000000000
0000001111111111111000000000
0000001111111111110000000000
0000001111111111111101111100
0000001111111111111111111100
0000000011111111111111111100
0000000000111100111111111100
0000000000000000011111111000
0000000000000000000000000000
0000000000000000000000000000
0000000000000000000000000000
0000000000000000000000000000
0000000000000000000000000000
