0000000000000000000000000000
0000000000000000000000000000
0000000000000000000000000000
0000000000000000000000000000
0000000000000000000000000000
0000000001111111000000000000
0000000011111111100000000000
0000000011111111110000000000
0000000111100011110000000000
0000000111000011110000000000
0000000111000011110000000000
0000000110000111100000000000
0000000000000111000000000000
0000000000011111000000000000
0000000000111111000000000100
0000000001111110000000000110
0000000011111100000000001110
0000000111110000011111111110
0000000111111111111111111110
0000000111111111111111111000
0000000111111111111000000000
0000000000000000000000000000
0000000000000000000000000000
0000000000000000000000000000
0000000000000000000000000000
0000000000000000000000000000
0000000000000000000000000000
0000000000000000000000000000
