0000000000000000000000000000
0000000000000000000000000000
0000000000000000000000000000
0000000000000000000000000000
0000000000000000000000000000
0000000000000001111110000000
0000000000000111111110000000
0000000000001111111110000000
0000000000011111111110000000
0000000000011111001110000000
0000000000011110011110000000
0000000000011110011110000000
0000000000000000111110000000
0000000000011111111100000000
0000000001111111111000000000
0000000011111111111000000000
0000000111111111111100000000
0000001111111111111110000000
0000001110111111011111111100
0000001111111110001111111100
0000001111111100000011111000
0000001111111000000000000000
0000001111100000000000000000
0000000000000000000000000000
0000000000000000000000000000
0000000000000000000000000000
0000000000000000000000000000
0000000000000000000000000000
