0000000000000000000000000000
0000000000000000000000000000
0000000000000000000000000000
0000000000000000000000000000
0000001111111111100000000000
0000001111111111110000000000
0000001100000001111000000000
0000000000000000111000000000
0000000000000000011000000000
0000000000000000011000000000
0000000000000000111000000000
0000000000000001111000000000
0000000000011111110000000000
0000000000011111100000000000
0000000000011111100000000000
0000000000000111111000000000
0000000000000001111111100000
0000000000000000000111110000
0000000000000000000001110000
0000000000000000000011110000
0000000000000000001111100000
0000110000000001111111000000
0000111110111111111100000000
0000111111111111000000000000
0000000000000000000000000000
0000000000000000000000000000
0000000000000000000000000000
0000000000000000000000000000
