0000000000000000000000000000
0000000000000000000000000000
0000000000000000000000000000
0000000000000000000000000000
0000000000000111111110000000
0000000000011111111110000000
0000000000011111111110000000
0000000000011111011110000000
0000000000000000011110000000
0000000000000001111110000000
0000000000000011111110000000
0000000000011111111110000000
0000000000111111110000000000
0000000000111111110000000000
0000000000011111111000000000
0000000000000011111000000000
0000000000000001111100000000
0000000000000001111100000000
0000000000000001111100000000
0000011110000111111000000000
0000011111111111111000000000
0000011111111111110000000000
0000001111111111100000000000
0000000111111110000000000000
0000000000000000000000000000
0000000000000000000000000000
0000000000000000000000000000
0000000000000000000000000000
