0000000000000000000000000000
0000000000000000000000000000
0000000000000000000000000000
0000000000000011111000000000
0000000000000111111100000000
0000000000011111111100000000
0000000001111111111110000000
0000000011111111111110000000
0000000111111100111100000000
0000000011111001111100000000
0000000011000011111000000000
0000000000000111111000000000
0000000000011111110000000000
0000000001111111111110000000
0000000001111111111111000000
0000000001111100111111000000
0000000001100000000111100000
0000000000000000000111100000
0000001111111111111111000000
0000011111111111111111000000
0000011111111111111110000000
0000011111111111111100000000
0000001111111111111000000000
0000000000000000000000000000
0000000000000000000000000000
0000000000000000000000000000
0000000000000000000000000000
0000000000000000000000000000
