0000000000000000000000000000
0000000000000000000000000000
0000000000000000000000000000
0000000000000000000000000000
0000000000001111111000000000
0000000000111111111110000000
0000000001111111111110000000
0000000011111111111110000000
0000000011111100011110000000
0000000011110000111110000000
0000000001000001111110000000
0000000000000011111110000000
0000000000011111111000000000
0000000001111111111000000000
0000000111111111111100000000
0000001111111111111110000000
0000001111111111111110000000
0000001111100000011110000000
0000011100000001111110000000
0000011110000011111110000000
0000111111111111111110000000
0000011111111111111000000000
0000011111111111110000000000
0000001111111110000000000000
0000000000000000000000000000
0000000000000000000000000000
0000000000000000000000000000
0000000000000000000000000000
