0000000000000000000000000000
0000000000000000000000000000
0000000000000000000000000000
0000000000000000000000000000
0000000000000000000000000000
0000000001111100000000000000
0000001111111111110000000000
0000111111111111111000000000
0001111100000011111000000000
0001110000000000111100000000
0001110000000000111100000000
0001110000001111111110000000
0000000000011111111111000000
0000000000111111111111100000
0000000001111111111111100000
0000000001111111110011100000
0000000001111111100011100000
0000000000111110000011100000
0000000000111000001111100000
0000000001111000111111000000
0000000001111001111111000000
0000000001111111111100000000
0000000001111111111000000000
0000000000011111100000000000
0000000000000000000000000000
0000000000000000000000000000
0000000000000000000000000000
0000000000000000000000000000
