0000000000000000000000000000
0000000000000000000000000000
0000000000000000000000000000
0000000000000011111000000000
0000000000000111111110000000
0000000000000011111111000000
0000000000000011111111100000
0000000000000000000111100000
0000000000000000000111100000
0000000000000000001111000000
0000000000000000011111100000
0000000000011111111110000000
0000000000111111111110000000
0000000000111111111100000000
0000000000011111111100000000
0000000000001111111000000000
0000000000000111111000000000
0001110000011111111000000000
0001111111111111110000000000
0001111111111111000000000000
0001111111111110000000000000
0001111111111000000000000000
0000000000000000000000000000
0000000000000000000000000000
0000000000000000000000000000
0000000000000000000000000000
0000000000000000000000000000
0000000000000000000000000000
