0000000000000000000000000000
0000000000000000000000000000
0000000000000000000000000000
0000000000000000000000000000
0000000000000000000000000000
0000000000111111100000000000
0000000000111111110000000000
0000000000111111111000000000
0000000000110000111000000000
0000000000000000111000000000
0000000000000010111000000000
0000000000011111111000000000
0000000000111111110000000000
0000000000111111110000000000
0000000000111111110000000000
0000000000011100111000000000
0000000000000000011000000000
0000000000000000011100000000
0000000000000000011100000000
0000000000000000001100000000
0000000011110000001100000000
0000000011110000011100000000
0000000011111111111100000000
0000000001111111111000000000
0000000000111111110000000000
0000000000000000000000000000
0000000000000000000000000000
0000000000000000000000000000
