0000000000000000000000000000
0000000000000000000000000000
0000000000000000000000000000
0000000000000000000000000000
0000000000000000000000000000
0000000001111111111110000000
0000000011111111111111000000
0000000011111111111111000000
0000000011111111111111000000
0000000011111111111111000000
0000000001111111111110000000
0000000001111111111110000000
0000000111111111111100000000
0000001111111111111110000000
0000001111111111111111100000
0000000111111111001111100000
0000000111111000000111100000
0000000000000000001111100000
0000000000000000011111100000
0000000000000001111111100000
0000011110011111111111000000
0000011111111111111110000000
0000011111111111111100000000
0000011111111111111100000000
0000001111111111100000000000
0000000000000000000000000000
0000000000000000000000000000
0000000000000000000000000000
