0000000000000000000000000000
0000000000000000000000000000
0000000000000000000000000000
0000000000000000000000000000
0000000000000111111110000000
0000000000011111111111100000
0000000000011111111111100000
0000000000001111111111100000
0000000000000000000111100000
0000000000000000011111100000
0000000000000001111111100000
0000000000000111111111000000
0000000000001111111100000000
0000000000001111111100000000
0000000000000111111100000000
0000000000000011111100000000
0000000000000001111100000000
0000000000000011111100000000
0000011111100111111000000000
0000111111011111110000000000
0001111111111111100000000000
0001111111111111000000000000
0001111111111100000000000000
0000111111110000000000000000
0000000000000000000000000000
0000000000000000000000000000
0000000000000000000000000000
0000000000000000000000000000
