0000000000000000000000000000
0000000000000000000000000000
0000000000000000000000000000
0000000000000000000000000000
0000000000000000000000000000
0000000000000000000000000000
0000011111111111111111100000
0000011111111111111111100000
0000011111111111111111100000
0000011111111111111111100000
0000000000000001111110000000
0000000000000011111100000000
0000000000001111111111000000
0000000000011111111111000000
0000000011111111000111000000
0000000011111100000111000000
0000000011110000001111000000
0000000000000000011111000000
0000000000000000011110000000
0001100000000000111100000000
0001100000000001111000000000
0001100000000111111000000000
0001110000011111110000000000
0001111111111111000000000000
0000111111111100000000000000
0000011111000000000000000000
0000000000000000000000000000
0000000000000000000000000000
