0000000000000000000000000000
0000000000000000000000000000
0000000000000000000000000000
0000000000000000000000000000
0000000000000111111110000000
0000000000011111111110000000
0000000011111111111110000000
0000000011111110011110000000
0000000011111000011110000000
0000000011000000111110000000
0000000000000011111100000000
0000000000000011111000000000
0000000000011111111000000000
0000000000111111111100000000
0000000000111111111110000000
0000000000111100011110000000
0000000000000000001110000000
0000000000000000011110000000
0000000000000000011110000000
0000000000000000111110000000
0000000111100011111110000000
0000011111111111111100000000
0000011111111111110000000000
0000011111111110000000000000
0000000000000000000000000000
0000000000000000000000000000
0000000000000000000000000000
0000000000000000000000000000
