0000000000000000000000000000
0000000000000000000000000000
0000000000000000000000000000
0000000000000000000000000000
0000000000000000000000000000
0000000000000000000000000000
0000000001111111100000000000
0000011111111111111000000000
0001111111111111111100000000
0001111111111111111100000000
0001111100000001111100000000
0001100000001111110000000000
0000000000001111111110000000
0000000000001111111111000000
0000000000000001111111100000
0000000000000000000111100000
0000000000000000000011100000
0000000000000000000011100000
0000000000000000000011100000
0000000000000000001111100000
0000000000000000001111000000
0000000000000001111110000000
0000000001101111111100000000
0000000011111111111000000000
0000000011111111000000000000
0000000001111100000000000000
0000000000000000000000000000
0000000000000000000000000000
