0000000000000000000000000000
0000000000000000000000000000
0000000000000000000000000000
0000000000000000000000000000
0000000000000000000000000000
0000000001111111111000000000
0000000011111111111100000000
0000000111111100111100000000
0000000111110000111100000000
0000000110000000111100000000
0000000000000011111100000000
0000000000000111111000000000
0000000000011111110000000000
0000000000111110000000000000
0000000000111111100000000000
0000000000011111111000000000
0000000000000111111100000000
0000000000000000111110000000
0000000000000000011110000000
0000000000000000001110000000
0000000000000000001110000000
0000000110000000011110000000
0000000111000001111110000000
0000000111111111111100000000
0000000111111111111000000000
0000000000000000000000000000
0000000000000000000000000000
0000000000000000000000000000
