0000000000000000000000000000
0000000000000000000000000000
0000000000000000000000000000
0000000000000000000000000000
0000000000000000000000000000
0000000001111110000000000000
0000000011111111000000000000
0000000011100111000000000000
0000000001000111000000000000
0000000000000111000000000000
0000000000001110000000000000
0000000000011111000000000000
0000000000011111110000000000
0000000000011111110000000000
0000000000000001111000000000
0000000000000000111000000000
0000000000000000011000000000
0000000000000000011100000000
0000000000000000111100000000
0000000000000000111000000000
0000000000000001111000000000
0000000000000011110000000000
0000000000011111110000000000
0000000000111111100000000000
0000000000111110000000000000
0000000000000000000000000000
0000000000000000000000000000
0000000000000000000000000000
