0000000000000000000000000000
0000000000000000000000000000
0000000000000000000000000000
0000000000000000000000000000
0000000000111111100000000000
0000000000111111111000000000
0000000000111111111100000000
0000000000000001111110000000
0000000000000000011110000000
0000000000000000001111000000
0000000000000000011111000000
0000000000000000111110000000
0000000000011111111110000000
0000000000011111111000000000
0000000000011111100000000000
0000000000011111100000000000
0000000000000111110000000000
0000000000000011110000000000
0000111000000001110000000000
0000111110000011110000000000
0000111111000111110000000000
0000011111111111100000000000
0000001111111111100000000000
0000000111111111000000000000
0000000000000000000000000000
0000000000000000000000000000
0000000000000000000000000000
0000000000000000000000000000
