0000000000000000000000000000
0000000000000000000000000000
0000000000000000000000000000
0000000000000000000000000000
0000000000111111100000000000
0000000000111111111110000000
0000000000111111111110000000
0000000000111111111111000000
0000000000000000000111100000
0000000000000000011111100000
0000000000001111111111000000
0000000000111111111110000000
0000000000111111111000000000
0000000000111111111100000000
0000000000111100011110000000
0000000000000000011110000000
0000000000000000011110000000
0000011000000001111100000000
0000011100000001111000000000
0000011111101111111000000000
0000011111111111110000000000
0000011111111111100000000000
0000011111111111000000000000
0000001111111100000000000000
0000000000000000000000000000
0000000000000000000000000000
0000000000000000000000000000
0000000000000000000000000000
