0000000000000000000000000000
0000000000000000000000000000
0000000000000000000000000000
0000000000000000000000000000
0000000000111111100000000000
0000000000111111110000000000
0000000000111111110000000000
0000000000000001110000000000
0000000000000001110000000000
0000000000000011110000000000
0000000000001111110000000000
0000000000001111110000000000
0000000000111111111100000000
0000000000111111111100000000
0000000000111000011100000000
0000000000110000011110000000
0000000000000000011110000000
0000000000000000011110000000
0000000000000000111110000000
0000000000000011111100000000
0000000000001111111000000000
0000000111111111110000000000
0000000111111111000000000000
0000000111111100000000000000
0000000000000000000000000000
0000000000000000000000000000
0000000000000000000000000000
0000000000000000000000000000
