0000000000000000000000000000
0000000000000000000000000000
0000000000000000000000000000
0000000000000000000000000000
0000000000000000000000000000
0000011111111100000000000000
0000011111111110000000000000
0000011111011110000000000000
0000000000001110000000000000
0000000000011110000000000000
0000000001111110000000000000
0000000001111100000000000000
0000000011110000000000000000
0000000011111100000000000000
0000000001111111000000000000
0000000000011111110000000000
0000000000000111111000000000
0000000000000001111100000000
0000000000000000111110000000
0000000000000000011110000000
0000000000000000001110000000
0000000000000011001111000000
0000000000000011111111000000
0000000000000011111111000000
0000000000000000111111000000
0000000000000000000000000000
0000000000000000000000000000
0000000000000000000000000000
