0000000000000000000000000000
0000000000000000000000000000
0000000000000000000000000000
0000000000000000000000000000
0000000000011111110000000000
0000000001111111111000000000
0000000111111111111000000000
0000001111110000111100000000
0000001111000000011100000000
0000011111000000011100000000
0000111110000000011100000000
0000111100000000111100000000
0000011000001111111100000000
0000000000001111111110000000
0000000000001111111111000000
0000000001110111101111100000
0000000111110000000011100000
0000000111100000000011100000
0000000111100000000001110000
0000000111110000000001110000
0000000011111100000011110000
0000000001111111111111100000
0000000000111111111111100000
0000000000000111111111000000
0000000000000000000000000000
0000000000000000000000000000
0000000000000000000000000000
0000000000000000000000000000
