0000000000000000000000000000
0000000000000000000000000000
0000000000000000000000000000
0000000000000000000000000000
0000000000000000000000000000
0000000000000011111111000000
0000000000111111111111000000
0000000001111111111111000000
0000000001111111111110000000
0000000001100000111100000000
0000000000000001111100000000
0000000000000111111111000000
0000000000000111111111000000
0000000000000111111111000000
0000000000000000001110000000
0000000000000000011110000000
0000000000000000111100000000
0000000000000001111100000000
0000000000000011111100000000
0000000000000111110000000000
0000111000011111100000000000
0000111001111111000000000000
0000111111111110000000000000
0000011111111000000000000000
0000011111110000000000000000
0000000000000000000000000000
0000000000000000000000000000
0000000000000000000000000000
