0000000000000000000000000000
0000000000000000000000000000
0000000000000000000000000000
0000000000000000000000000000
0000000000000000000000000000
0000001111111100000000000000
0000011111111110000000000000
0000011100011110000000000000
0000011000001100000000000000
0000011000011100000000000000
0000000000011100000000000000
0000000000011100000000000000
0000000000111111110000000000
0000000011111111111100000000
0000000011110001111111000000
0000000000000000001111100000
0000000000000000000011100000
0000000000000000000011100000
0000000000000000000011100000
0000000000000000000011100000
0000000000100000000011100000
0000000001110000000111100000
0000000000111000011111000000
0000000000111111111110000000
0000000000011111111000000000
0000000000000000000000000000
0000000000000000000000000000
0000000000000000000000000000
