0000000000000000000000000000
0000000000000000000000000000
0000000000000000000000000000
0000000000000000000000000000
0000000001111111100000000000
0000000011111111111000000000
0000000011111111111000000000
0000000011000011111100000000
0000000001000000111100000000
0000000000000000011110000000
0000000000000000011110000000
0000000000000000111100000000
0000000011111111111100000000
0000000011111111111000000000
0000000011111111110000000000
0000000001111111111000000000
0000000000000011111000000000
0000000000000001111100000000
0000000000000000111100000000
0000000110000000001110000000
0000000111111000111110000000
0000000011111111111110000000
0000000001111111111110000000
0000000000011111111100000000
0000000000000000000000000000
0000000000000000000000000000
0000000000000000000000000000
0000000000000000000000000000
