0000000000000000000000000000
0000000000000000000000000000
0000000000000000000000000000
0000000000000000000000000000
0000000000111111110000000000
0000000000111111111000000000
0000000000111111111100000000
0000000000111111111100000000
0000000000001000011100000000
0000000000000000111100000000
0000000000000000111100000000
0000000000000111111000000000
0000000000011111110000000000
0000000000011111111100000000
0000000000011111111100000000
0000000000011111111110000000
0000000000000000001110000000
0000000110000000001110000000
0000000110000000001110000000
0000000111000000111110000000
0000000111111111111100000000
0000000111111111111100000000
0000000011111111111000000000
0000000000111111110000000000
0000000000000000000000000000
0000000000000000000000000000
0000000000000000000000000000
0000000000000000000000000000
