0000000000000000000000000000
0000000000000000000000000000
0000000000000000000000000000
0000000000000000000000000000
0000000000111111110000000000
0000000001111111111000000000
0000000011111111111100000000
0000000011110000111110000000
0000000000000000001110000000
0000000000000000011110000000
0000000000000101111100000000
0000000000011111111000000000
0000000000011111111000000000
0000000000011111111100000000
0000000000000000011110000000
0000000000000000011110000000
0000000000000000001110000000
0000011100000000001110000000
0000011100000000001110000000
0000011110000000011110000000
0000011111000000111110000000
0000011111111111111100000000
0000000111111111111000000000
0000000011111111100000000000
0000000000000000000000000000
0000000000000000000000000000
0000000000000000000000000000
0000000000000000000000000000
