0000000000000000000000000000
0000000000000000000000000000
0000000000000000000000000000
0000000000000000000000000000
0000000111111111110000000000
0000001111111111111000000000
0000001111111111111100000000
0000001100000000111100000000
0000000000000001111100000000
0000000001101111111000000000
0000000111111111110000000000
0000000111111111111000000000
0000000111111111111110000000
0000000111110001111110000000
0000000000000000011111100000
0000000000000000000111100000
0000000000000000000011110000
0000011100000000000011110000
0000111110000000000001110000
0000111111110000000011110000
0000011111111110111111110000
0000000111111111111111100000
0000000000111111111111000000
0000000000000111111110000000
0000000000000000000000000000
0000000000000000000000000000
0000000000000000000000000000
0000000000000000000000000000
