0000000000000000000000000000
0000000000000000000000000000
0000000000000000000000000000
0000000000000000000000000000
0000000111111111100000000000
0000001111111111110000000000
0000001111110111111000000000
0000000000000001111000000000
0000000000000001111000000000
0000000000000001111000000000
0000000000000011110000000000
0000000000000111111000000000
0000000000000111111000000000
0000000000011111111110000000
0000000000011111111111000000
0000000000001100011111000000
0000000001111000001111000000
0000000001111000001111000000
0000000011110000001111000000
0000000011100000001111000000
0000000011110000011110000000
0000000011111111111110000000
0000000001111111111100000000
0000000000011111110000000000
0000000000000000000000000000
0000000000000000000000000000
0000000000000000000000000000
0000000000000000000000000000
