0000000000000000000000000000
0000000000000000000000000000
0000000000000000000000000000
0000000000000000000000000000
0000000000000000000000000000
0000000000111111111111100000
0000000000111111111111110000
0000000000111000000111110000
0000000000000000000001110000
0000000000000000000011110000
0000000000000000000111110000
0000000000000000011111100000
0000000000001111111110000000
0000000011111111111100000000
0000001111111111111110000000
0000001111111111011111000000
0000001111110000000111000000
0000011100000000000111100000
0000111100000000000111100000
0000111000000000001111000000
0000110000000000011110000000
0000111000000001111110000000
0000111100011111111000000000
0000011111111111100000000000
0000011111111110000000000000
0000000000000000000000000000
0000000000000000000000000000
0000000000000000000000000000
