0000000000000000000000000000
0000000000000000000000000000
0000000000000000000000000000
0000000000000000000000000000
0000000000000000000000000000
0000000011111111111000000000
0000000111111111111100000000
0000001111111111111100000000
0000001111111100011110000000
0000001111000000011110000000
0000000000000000111110000000
0000000000000001111100000000
0000000000011111111100000000
0000000000111111111000000000
0000000000111111111100000000
0000000000111111111110000000
0000000000011000011110000000
0000000000000000001110000000
0000000000000000001110000000
0000000000000000011110000000
0000000111110000111110000000
0000000111111011111110000000
0000000111111111111100000000
0000000011111111111000000000
0000000000111111110000000000
0000000000000000000000000000
0000000000000000000000000000
0000000000000000000000000000
