0000000000000000000000000000
0000000000000000000000000000
0000000000000000000000000000
0000000000000000000000000000
0000000000000000000000000000
0000000000111111111110000000
0000000011111111111110000000
0000000011111111011111000000
0000000011111000011110000000
0000000011100000011110000000
0000000000000000011110000000
0000000000001111111100000000
0000000000111111111000000000
0000000001111111111000000000
0000000001111111111100000000
0000000001111111111100000000
0000000000111000011100000000
0000000000000000011100000000
0000001111000000011100000000
0000001111000000111100000000
0000001111000000111100000000
0000001111100001111000000000
0000001111111111111000000000
0000000111111111110000000000
0000000011111111100000000000
0000000000000000000000000000
0000000000000000000000000000
0000000000000000000000000000
