0000000000000000000000000000
0000000000000000000000000000
0000000000000000000000000000
0000000000000000000000000000
0000000000111111000000000000
0000000001111111100000000000
0000000001111111110000000000
0000000000111001111000000000
0000000000000000111000000000
0000000000000001110000000000
0000000000000001110000000000
0000000000000111110000000000
0000000000001111110000000000
0000000000001111110000000000
0000000000001111111000000000
0000000000000000111000000000
0000000000000000111000000000
0000000000000000011000000000
0000000000011100111000000000
0000000001111100111000000000
0000000001111001110000000000
0000000001111111110000000000
0000000001111111100000000000
0000000000011111000000000000
0000000000000000000000000000
0000000000000000000000000000
0000000000000000000000000000
0000000000000000000000000000
