0000000000000000000000000000
0000000000000000000000000000
0000000000000000000000000000
0000000000000000000000000000
0000000000111111100000000000
0000000111111111110000000000
0000001111111111110000000000
0000001111100001110000000000
0000001111000001110000000000
0000000000000011110000000000
0000000000000011110000000000
0000000000000111110000000000
0000000000011111110000000000
0000000000111111111000000000
0000000000111111111110000000
0000000000011000111110000000
0000000000000000001110000000
0000000000000000001111000000
0000000000000000001111000000
0000000000111000001111000000
0000000001111000011110000000
0000000011111111111110000000
0000000001111111111100000000
0000000001111111111100000000
0000000000000000000000000000
0000000000000000000000000000
0000000000000000000000000000
0000000000000000000000000000
