0000000000000000000000000000
0000000000000000000000000000
0000000000000000000000000000
0000000000000000000000000000
0000000000000000000000000000
0000000000000111111111100000
0000000000011111111111110000
0000000000111111111111110000
0000000001111111111111110000
0000000001111110001111100000
0000000000011000111111100000
0000000000000001111111000000
0000000000000111111111000000
0000000000111111111100000000
0000000001111111111110000000
0000000000111111111110000000
0000011100111111111110000000
0000111100000001111110000000
0000111100000011111110000000
0000111111111111111110000000
0000111111111111111100000000
0000011111111111100000000000
0000001111111111000000000000
0000000000000000000000000000
0000000000000000000000000000
0000000000000000000000000000
0000000000000000000000000000
0000000000000000000000000000
