0000000000000000000000000000
0000000000000000000000000000
0000000000000000000000000000
0000000000000000000000000000
0000000000000000000000000000
0000000000111111000000000000
0000000001111111100000000000
0000000111111111110000000000
0000001111100001110000000000
0000001111000001110000000000
0000000000000011110000000000
0000000000000111100000000000
0000000000001111111100000000
0000000000001111111110000000
0000000000001110001111000000
0000000000000000000111000000
0000000000000000000011000000
0000000001000000000011000000
0000000011000000000111000000
0000001111000000001111000000
0000001111000000001111000000
0000001110000000011100000000
0000001111110000111100000000
0000000111111111111000000000
0000000011111111110000000000
0000000000000000000000000000
0000000000000000000000000000
0000000000000000000000000000
