0000000000000000000000000000
0000000000000000000000000000
0000000000000000000000000000
0000000000000000000000000000
0000000000000000111000000000
0000000000000000111000000000
0000000000000011111000000000
0000000001111111110000000000
0000000011111111111000000000
0000000011111101111000000000
0000000000000000111000000000
0000000000000011111000000000
0000000000011111110000000000
0000000000111111100000000000
0000000000111111111000000000
0000000000000011111000000000
0000000000000000111100000000
0000000000000000111100000000
0000000000000000111000000000
0000000000000001111000000000
0000000110000001111000000000
0000001110001111111000000000
0000001111111111100000000000
0000001111111111000000000000
0000000000000000000000000000
0000000000000000000000000000
0000000000000000000000000000
0000000000000000000000000000
