0000000000000000000000000000
0000000000000000000000000000
0000000000000000000000000000
0000000000000111000000000000
0000000000000111100000000000
0000000000000011110000000000
0000000000000001111000000000
0000000000000000111000000000
0000000000000000111000000000
0000000000000000111000000000
0000000000000000011000000000
0000000000000000011000000000
0000000000000000011000000000
0000000000000000111000000000
0000000000011101111000000000
0000000000011111111000000000
0000000000001111100000000000
0000000000001111000000000000
0000000001111111000000000000
0000000001110111000000000000
0000000001110111000000000000
0000000001111111000000000000
0000000000111111000000000000
0000000000000000000000000000
0000000000000000000000000000
0000000000000000000000000000
0000000000000000000000000000
0000000000000000000000000000
