0000000000000000000000000000
0000000000000000000000000000
0000000000000000000000000000
0000000000000000000000000000
0000000000000000000000000000
0000000000000000000000000000
0000000000111111111000000000
0000000111111111111100000000
0000111111111111111100000000
0001111111111111111100000000
0001111111110000111100000000
0001111100000000111100000000
0000110000000001111100000000
0000000000000011111111000000
0000000000001111111111100000
0000000000001111111111100000
0000000000011111111111100000
0000000000011111000011100000
0000000000000000000111100000
0000000000000000001111100000
0000000000000000111111000000
0000000000110001111110000000
0000000000111111111100000000
0000000001111111111000000000
0000000001111111110000000000
0000000000111111100000000000
0000000000000000000000000000
0000000000000000000000000000
