0000000000000000000000000000
0000000000000000000000000000
0000000000000000000000000000
0000000000000000000000000000
0000000000111111110000000000
0000000001111111111000000000
0000000001111111111000000000
0000000001111000111100000000
0000000000000000111100000000
0000000000000000111100000000
0000000000000011111000000000
0000000000000111111000000000
0000000000001111100000000000
0000000000001111000000000000
0000000000000111100000000000
0000000000000111100000000000
0000000000000011110000000000
0000000000000011110000000000
0000000000000011110000000000
0000000000000001110000000000
0000110000000011110000000000
0000111111111111110000000000
0000011111111111100000000000
0000001111111110000000000000
0000000000000000000000000000
0000000000000000000000000000
0000000000000000000000000000
0000000000000000000000000000
