0000000000000000000000000000
0000000000000000000000000000
0000000000000000000000000000
0000000000000000000000000000
0000000000000000000000000000
0000000000000000011100000000
0000000000000011111110000000
0000000000001111111111100000
0000000000011111111111100000
0000000000111111111111100000
0000000000111111111111100000
0000000000111111111111100000
0000000000001111111111000000
0000000000111111111100000000
0000000001111111111100000000
0000000001111111111100000000
0000000001111111111110000000
0000000000000000001110000000
0000000000000000001110000000
0001100000000000011110000000
0001111100000001111110000000
0001111111111111111100000000
0001111111111111110000000000
0000111111111111110000000000
0000000001110000000000000000
0000000000000000000000000000
0000000000000000000000000000
0000000000000000000000000000
