0000000000000000000000000000
0000000000000000000000000000
0000000000000000000000000000
0000000000000000000000000000
0000000000000111111000000000
0000000000111111111100000000
0000000001111111111100000000
0000000011111110011100000000
0000000011110000111100000000
0000000001100001111100000000
0000000000000011111000000000
0000000000000111110000000000
0000000000011111100000000000
0000000000111111000000000000
0000000011111111110000000000
0000000011111111111100000000
0000000011111111111100000000
0000000000000000111110000000
0000000000000000011110000000
0000000000000001111100000000
0000000001000111111100000000
0000000111111111110000000000
0000000111111111100000000000
0000000111111110000000000000
0000000000000000000000000000
0000000000000000000000000000
0000000000000000000000000000
0000000000000000000000000000
