0000000000000000000000000000
0000000000000000000000000000
0000000000000000000000000000
0000000000000000000000000000
0000000000000000000000000000
0000000111111110000000000000
0000111111111111000000000000
0000111111100111000000000000
0000111000000111000000000000
0000110000001111000000000000
0000000000011111000000000000
0000000000111111111000000000
0000000001111111111110000000
0000000001111111111111000000
0000000001110000000111100000
0000000000000000000011110000
0000000000000000000001110000
0000000000000000000001110000
0000000000000000000001110000
0000000110000000000111110000
0000000111111111111111110000
0000000111111111111111100000
0000000000011111111100000000
0000000000000000000000000000
0000000000000000000000000000
0000000000000000000000000000
0000000000000000000000000000
0000000000000000000000000000
