0000000000000000000000000000
0000000000000000000000000000
0000000000000000000000000000
0000000000000000000000000000
0000000000000000000000000000
0000000001111111000000000000
0000000011111111110000000000
0000000011111111110000000000
0000000011111111110000000000
0000000001100111110000000000
0000000001101111110000000000
0000000001011111100000000000
0000000001111111000000000000
0000000001111111000000000000
0000000000011111111000000000
0000000000011111111110000000
0000000000001111111110000000
0000000000000011111110000000
0000000000000000011110000000
0000000000000000011110000000
0000000000000011111110000000
0000000000011111111110000000
0000000000111111111000000000
0000000000111111110000000000
0000000000011111000000000000
0000000000000000000000000000
0000000000000000000000000000
0000000000000000000000000000
