0000000000000000000000000000
0000000000000000000000000000
0000000000000000000000000000
0000000000000000000000000000
0000000001111111100000000000
0000000001111111100000000000
0000000001100011110000000000
0000000000000001110000000000
0000000000000001110000000000
0000000000000011110000000000
0000000000011111100000000000
0000000000111111100000000000
0000000000111111111000000000
0000000000111111111000000000
0000000000000000111110000000
0000000000000000011110000000
0000000000000000001110000000
0000000000000000000110000000
0000000000000000001110000000
0000000000000000011110000000
0000000001100000111110000000
0000000001111111111100000000
0000000001111111111000000000
0000000001111111110000000000
0000000000000000000000000000
0000000000000000000000000000
0000000000000000000000000000
0000000000000000000000000000
