0000000000000000000000000000
0000000000000000000000000000
0000000000000000000000000000
0000000000011111111100000000
0000000000111111111110000000
0000000001111111111111000000
0000000001111111111111000000
0000000000111000001111000000
0000000000000000011111000000
0000000000000000111110000000
0000000000000001111110000000
0000000000000111111100000000
0000000000011111111000000000
0000000000011111111000000000
0000000000011111111100000000
0000000011001111111110000000
0000111111000000111110000000
0000111110000001111110000000
0000111100000111111110000000
0000111111111111111100000000
0000111111111111111100000000
0000011111111111111000000000
0000001111111111100000000000
0000000000000000000000000000
0000000000000000000000000000
0000000000000000000000000000
0000000000000000000000000000
0000000000000000000000000000
