0000000000000000000000000000
0000000000000000000000000000
0000000000000000000000000000
0000000000000000000000000000
0000000000000000000000000000
0000000001111111100000000000
0000001111111111110000000000
0000011111111111111000000000
0000011111111111111100000000
0000011111100001111100000000
0000001111000000111100000000
0000000000000001111100000000
0000000000000011111100000000
0000000000111111111100000000
0000000001111111111100000000
0000000001111111111111000000
0000000001111111111111000000
0000000001111100011111100000
0000000000000000001111100000
0000000000000000000111100000
0000000000000000001111100000
0000000000000000111111100000
0000000000000011111111000000
0000001111111111111110000000
0000011111111111111100000000
0000000000000000000000000000
0000000000000000000000000000
0000000000000000000000000000
