0000000000000000000000000000
0000000000000000000000000000
0000000000000000000000000000
0000000000000000000000000000
0000000000000000111100000000
0000000000000111111111000000
0000000000011111111111100000
0000000000011111111111100000
0000000000011111110111100000
0000000000011111000111100000
0000000000011100001111100000
0000000000000000111111000000
0000000000001111111111000000
0000000000001111111100000000
0000000000001111111000000000
0000000000000111111000000000
0001111000000011111100000000
0001111100000001111100000000
0001111111000011111100000000
0001111111111111111100000000
0001111111111111111000000000
0000111111111111110000000000
0000000111111111000000000000
0000000000111000000000000000
0000000000000000000000000000
0000000000000000000000000000
0000000000000000000000000000
0000000000000000000000000000
