0000000000000000000000000000
0000000000000000000000000000
0000000000000000000000000000
0000000000000000000000000000
0000000000000000000000000000
0000000000000001111111100000
0000000000001111111111110000
0000000000111111111111110000
0000000111111111111111110000
0000001111111100001111100000
0000001111111000111111000000
0000001111100111111110000000
0000000000111111111100000000
0000000111111111110000000000
0000001111111110000000000000
0000001111111111110000000000
0000001111111111111000000000
0000000000000111111100000000
0000000000000000111100000000
0000000110000001111100000000
0000001111000111111100000000
0000001111011111111000000000
0000001111111111110000000000
0000001111111111100000000000
0000001111111100000000000000
0000000000000000000000000000
0000000000000000000000000000
0000000000000000000000000000
