0000000000000000000000000000
0000000000000000000000000000
0000000000000000000000000000
0000000000000000000000000000
0000000000111111100000000000
0000000000111111110000000000
0000000001110011110000000000
0000000001100000110000000000
0000000001100001110000000000
0000000001000011110000000000
0000000000001111111000000000
0000000000011111111000000000
0000000000111111111100000000
0000000000111100011100000000
0000000000000000011100000000
0000000000000000011100000000
0000000011100000011100000000
0000000011100000011100000000
0000000011000000011100000000
0000000011000000111100000000
0000000011000000111000000000
0000000011110011111000000000
0000000011111111110000000000
0000000001111111000000000000
0000000000000000000000000000
0000000000000000000000000000
0000000000000000000000000000
0000000000000000000000000000
