0000000000000000000000000000
0000000000000000000000000000
0000000000000000000000000000
0000000000000000000000000000
0000000011111111000000000000
0000001111111111110000000000
0000011111111111110000000000
0000011110000001110000000000
0000011100000001110000000000
0000000000000011110000000000
0000000000000011100000000000
0000000000011111100000000000
0000000000111111110000000000
0000000000111111111000000000
0000000000000011111100000000
0000000000000000111110000000
0000000000000000011110000000
0000000000000000011110000000
0000000000011000011110000000
0000000000011100011110000000
0000000001111100111110000000
0000000011110111111100000000
0000000011111111111100000000
0000000011111111110000000000
0000000000000000000000000000
0000000000000000000000000000
0000000000000000000000000000
0000000000000000000000000000
