0000000000000000000000000000
0000000000000000000000000000
0000000000000000000000000000
0000000000000000000000000000
0000000000000000000000000000
0000000011111111110000000000
0000000111111111111000000000
0000000111111111111100000000
0000000111111111111110000000
0000000011100000011110000000
0000000000000000111110000000
0000000000000011111110000000
0000000000000111111100000000
0000000001111111111000000000
0000000011111111111000000000
0000000011111111111100000000
0000000011111000011110000000
0000000011100000011110000000
0000000000000000111110000000
0000000000000011111110000000
0000000000011111111100000000
0000000011111111111000000000
0000000011111111110000000000
0000000011111111000000000000
0000000011111100000000000000
0000000000000000000000000000
0000000000000000000000000000
0000000000000000000000000000
