0000000000000000000000000000
0000000000000000000000000000
0000000000000000000000000000
0000000000000000000000000000
0000000000000000000000000000
0000000000000000000000000000
0000000000000000000000000000
0000000001111111111111000000
0000001111111111111111110000
0000001111111111111111110000
0000001111111111111111110000
0000001111110000001111100000
0000000000000000011111100000
0000000000000001111111000000
0000000000011111111100000000
0000000001111111111000000000
0000000001111111111100000000
0000000001111111111100000000
0000000001111110011110000000
0000000001110000011110000000
0000000000000000111100000000
0000000000000011111100000000
0000000000001111111000000000
0000000000111111000000000000
0000000011111110000000000000
0000000011111100000000000000
0000000011111000000000000000
0000000000000000000000000000
