0000000000000000000000000000
0000000000000000000000000000
0000000000000000000000000000
0000000000000000000000000000
0000000000000000000000000000
0000000000000000000000000000
0000000000001111111000000000
0000000000111111111000000000
0000000011111111111000000000
0000000011111101110000000000
0000000011110011110000000000
0000000011000111100000000000
0000000000001111000000000000
0000000000011111100000000000
0000000001111111111000000000
0000000011111111111100000000
0000000011111000011100000000
0000000000000000001110000000
0000000000000000011100000000
0000000000000000011100000000
0000000000000000111100000000
0000000000000000111100000000
0000000000000001111000000000
0000000000000001111000000000
0000000000000111110000000000
0000011111111111100000000000
0000000000000000000000000000
0000000000000000000000000000
