0000000000000000000000000000
0000000000000000000000000000
0000000000000000000000000000
0000000000000000000000000000
0000000011111111111100000000
0000000111111111111110000000
0000000011111111111110000000
0000000000000000111110000000
0000000000000000111110000000
0000000000000001111100000000
0000000000000111111100000000
0000000001111111111000000000
0000000011111111111000000000
0000000011111111111100000000
0000000001111101111100000000
0000000000000000111100000000
0000000000000000111100000000
0000000000000000111100000000
0000000000000000111100000000
0000000111000000111100000000
0000001111000001111100000000
0000001111111111111100000000
0000001111111111111000000000
0000000011111111111000000000
0000000000000000000000000000
0000000000000000000000000000
0000000000000000000000000000
0000000000000000000000000000
