0000000000000000000000000000
0000000000000000000000000000
0000000000000000000000000000
0000000000000000000000000000
0000000111111110000000000000
0000011111111111110000000000
0000111111111111111000000000
0001111111000111111100000000
0001111100000001111100000000
0000100000000000111110000000
0000000000000000011110000000
0000000000000000111110000000
0000000000111111111110000000
0000000011111111111100000000
0000000011111111111111000000
0000000011111111111111000000
0000000000000000001111100000
0000000000000000001111100000
0000000000000000000111100000
0000000000000000000111100000
0001111110000000001111100000
0001111111100000011111000000
0001111111111111111111000000
0000111111111111111110000000
0000000000000000000000000000
0000000000000000000000000000
0000000000000000000000000000
0000000000000000000000000000
