0000000000000000000000000000
0000000000000000000000000000
0000000000000000000000000000
0000000000000000000000000000
0000000000000000000000000000
0000000000000111111100000000
0000000000011111111110000000
0000000000111111111110000000
0000000000111111001110000000
0000000001111111100111000000
0000000000110011101111000000
0000000000000011111110000000
0000000000011111111110000000
0000000000011111111100000000
0000000000011111111000000000
0000000000011111110000000000
0000000000000011111000000000
0000001000000000111000000000
0000011100000000111000000000
0000111000000001111000000000
0000111000000011111000000000
0000111110011111110000000000
0000011111111111110000000000
0000011111111111000000000000
0000001111111100000000000000
0000000000000000000000000000
0000000000000000000000000000
0000000000000000000000000000
