0000000000000000000000000000
0000000000000000000000000000
0000000000000000000000000000
0000000000000000000000000000
0000000000000000000000000000
0000000001111110000000000000
0000000111111111000000000000
0000000111111111100000000000
0000001111000111110000000000
0000001110000011110000000000
0000001110000001111000000000
0000001110000001111000000000
0000000110000001110000000000
0000000000001111110000000000
0000000000001111110000000000
0000000000001111111000000000
0000000000000111111000000000
0000000000000001111100000000
0000000000000000111100000000
0000000000000000111100000000
0000000000000000111100000000
0000000000000001111100000000
0000000000000111111100000000
0000000000000111111000000000
0000000000000111110000000000
0000000000000000000000000000
0000000000000000000000000000
0000000000000000000000000000
