0000000000000000000000000000
0000000000000000000000000000
0000000000000000000000000000
0000000000000000000000000000
0000000000000000000000000000
0000000011111111110000000000
0000000111111111111000000000
0000000111000001111000000000
0000000110000000111000000000
0000000110000001111000000000
0000000010000011111000000000
0000000000000111111000000000
0000000000111111110000000000
0000000000111111000000000000
0000000000011111000000000000
0000000000000111110000000000
0000000000000011110000000000
0000000000000001110000000000
0000000000000001110000000000
0000000000000001110000000000
0000000000000011110000000000
0000000000000011110000000000
0000000011111111110000000000
0000000011111111000000000000
0000000011111110000000000000
0000000000000000000000000000
0000000000000000000000000000
0000000000000000000000000000
