0000000000000000000000000000
0000000000000000000000000000
0000000000000000000000000000
0000000000000000000000000000
0000000000000000000000000000
0000000000000011111100000000
0000000000011111111100000000
0000000001111111111110000000
0000000001111110001110000000
0000000001111100001110000000
0000000001100000011110000000
0000000000001111111110000000
0000000000011111111100000000
0000000000011111111000000000
0000000000011111111000000000
0000000000011110111000000000
0000000000000000111000000000
0000000000000011111000000000
0000000000000011110000000000
0000000010000111110000000000
0000000110001111100000000000
0000000110011111000000000000
0000001111111110000000000000
0000000111111100000000000000
0000000111110000000000000000
0000000000000000000000000000
0000000000000000000000000000
0000000000000000000000000000
