0000000000000000000000000000
0000000000000000000000000000
0000000000000000000000000000
0000000000000000000000000000
0000000000000000000000000000
0000111110000000000000000000
0001111110000000000000000000
0001111111111111100000000000
0001111111111111111100000000
0000011111111111111100000000
0000000000000011111100000000
0000000000001111111000000000
0000000000011111110000000000
0000000000011111100000000000
0000000000001111111100000000
0000000000000011111100000000
0000000000000001111110000000
0000000000000000011111000000
0000000001110000001111100000
0000000001110000001111100000
0000000011110000001111100000
0000000001111000111111000000
0000000001111111111111000000
0000000000011111111100000000
0000000000001111111000000000
0000000000000000000000000000
0000000000000000000000000000
0000000000000000000000000000
