0000000000000000000000000000
0000000000000000000000000000
0000000000000000000000000000
0000000000000000000000000000
0000111110000000000000000000
0000111111111000000000000000
0000111111111110000000000000
0000000111111111000000000000
0000000000011111100000000000
0000000000000011100000000000
0000000000000111100000000000
0000000000011111000000000000
0000000000111110000000000000
0000000001111100000000000000
0000001111111111111111000000
0000001111111111111111100000
0000001111111111111111110000
0000000110000000000001110000
0000000000000000000001110000
0000000000000011001111110000
0000000000000111111111100000
0000000000000111111111000000
0000000000000011111000000000
0000000000000000000000000000
0000000000000000000000000000
0000000000000000000000000000
0000000000000000000000000000
0000000000000000000000000000
