0000000000000000000000000000
0000000000000000000000000000
0000000000000000000000000000
0000000000000000111110000000
0000000000000011111100000000
0000000000000111111110000000
0000000000000111111110000000
0000000000000111001110000000
0000000000000000001111000000
0000000000000000011110000000
0000000000000000111110000000
0000000000001111111000000000
0000000001111111111000000000
0000000011111111111000000000
0000000011111111111000000000
0000000001111100111100000000
0000000000000000111100000000
0000000000000001111000000000
0011100000000001111100000000
0001110001101111111000000000
0001111111111111110000000000
0000111111111111100000000000
0000001111111111000000000000
0000000000000000000000000000
0000000000000000000000000000
0000000000000000000000000000
0000000000000000000000000000
0000000000000000000000000000
