0000000000000000000000000000
0000000000000000000000000000
0000000000000000000000000000
0000000000000000000000000000
0000000000000000000000000000
0000000000000000000000000000
0000000000000000000000000000
0000000000000000000000000000
0000000001111111111111000000
0000011111111111111111000000
0000111111100000111110000000
0000111000000011111000000000
0000110000011111100000000000
0000110001111111111100000000
0000000011111111111111100000
0000000111111100111111110000
0000000010000000000000110000
0000000000000000000000110000
0000000000000000000001110000
0000000000000000000111100000
0000000001100000011110000000
0000000001110011111100000000
0000000000111111110000000000
0000000000011110000000000000
0000000000000000000000000000
0000000000000000000000000000
0000000000000000000000000000
0000000000000000000000000000
