0000000000000000000000000000
0000000000000000000000000000
0000000000000000000000000000
0000000000000000000000000000
0000000000000000000000000000
0000000000001111111111000000
0000000000011111111111000000
0000000000111111111111100000
0000000000111111111111100000
0000000000111100000111100000
0000000000000000000111100000
0000000000000000001111000000
0000000000000000111111000000
0000000000011111111110000000
0000000000011111111100000000
0000000000111111111000000000
0000000000111111100000000000
0000000000111111100000000000
0000000000000011100000000000
0000001000000011100000000000
0000110000001111100000000000
0000111111111111000000000000
0001111111111111000000000000
0001111111111110000000000000
0001111111111000000000000000
0000000000000000000000000000
0000000000000000000000000000
0000000000000000000000000000
