0000000000000000000000000000
0000000000000000000000000000
0000000000000000000000000000
0000000000000000000000000000
0000000000000000000000000000
0000000000111111111000000000
0000000001111111111000000000
0000000001111111111000000000
0000000001111111111100000000
0000000001111000111100000000
0000000000000001111000000000
0000000000000111111000000000
0000000000011111111000000000
0000000000011111110000000000
0000000000011111100000000000
0000000000011111110000000000
0000000000001111111000000000
0000000000000001111000000000
0000000000000000111100000000
0000000000000000011100000000
0000000000110000011100000000
0000000001111111111100000000
0000000001111111111100000000
0000000001111111111100000000
0000000000111111110000000000
0000000000000000000000000000
0000000000000000000000000000
0000000000000000000000000000
