0000000000000000000000000000
0000000000000000000000000000
0000000000000000000000000000
0000000000000000000000000000
0000000000000000000000000000
0000000111111111111100000000
0000001111111111111110000000
0000011111111111111111000000
0000111111111111011111000000
0000111111000000001111000000
0000011100000000011111000000
0000011000000000111111000000
0000000000000001111110000000
0000000000010111111100000000
0000000000111111111000000000
0000000001111111111000000000
0000000001111111111100000000
0000000001111111111110000000
0000000000111100111111000000
0000000000000000001111000000
0000111000000000011111000000
0000111000000001111110000000
0000011111111111111100000000
0000011111111111111000000000
0000001111111111110000000000
0000000000000000000000000000
0000000000000000000000000000
0000000000000000000000000000
