0000000000000000000000000000
0000000000000000000000000000
0000000000000000000000000000
0000000000000000000000000000
0000000111111111111110000000
0000011111111111111111000000
0001111111111111111111100000
0001111110000000000111100000
0000110000000000000111100000
0000000000000000001111100000
0000000000000001111111000000
0000000000000011111110000000
0000000000001111111000000000
0000000001111111110000000000
0000000011111111111110000000
0000000011111111111111000000
0000000000010000111111100000
0000000000000000001111100000
0000000000000000000111100000
0000000001000000000111100000
0000011111000000111111100000
0000111111111111111111000000
0000111111111111111110000000
0000111111111111111000000000
0000000000000000000000000000
0000000000000000000000000000
0000000000000000000000000000
0000000000000000000000000000
