0000000000000000000000000000
0000000000000000000000000000
0000000000000000000000000000
0000000000000000000000000000
0000011111111111100000000000
0000011111111111110000000000
0000011111111111111100000000
0000000000000000111100000000
0000000000000000011100000000
0000000000000000011100000000
0000000000000000111100000000
0000000000000011111100000000
0000000000001111111100000000
0000000001111111111111000000
0000000111111111111111100000
0000001111111111011111110000
0000001111100000000001111000
0000001100000000000000111000
0000001100000000000001111000
0000001111000000000111111000
0000001111100000011111110000
0000000111111111111111100000
0000000111111111111110000000
0000000011111111111000000000
0000000000000000000000000000
0000000000000000000000000000
0000000000000000000000000000
0000000000000000000000000000
