0000000000000000000000000000
0000000000000000000000000000
0000000000000000000000000000
0000000000000000000000000000
0000000000000000000000000000
0000000000000000000000000000
0000000000000000011110000000
0000000000001111111111000000
0000000000011111111111000000
0000000000001111111111000000
0000000000000000011110000000
0000000000000001111110000000
0000000000001111111000000000
0000000000111111000000000000
0000000000111111110000000000
0000000000001111111100000000
0000000000000000001110000000
0000000000000000001111000000
0000000000000000001110000000
0000000000000000011110000000
0001110000000001111100000000
0011111111111111100000000000
0011111111111100000000000000
0001111111110000000000000000
0000000000000000000000000000
0000000000000000000000000000
0000000000000000000000000000
0000000000000000000000000000
