0000000000000000000000000000
0000000000000000000000000000
0000000000000000000000000000
0000000000000000000000000000
0000000000000000000000000000
0000000001111000000111000000
0000000011111111111111100000
0000000111111111111111100000
0000000111111111111111000000
0000000011011000111111000000
0000000000000001111100000000
0000000000000111111000000000
0000000000011111111000000000
0000000001111111111100000000
0000000011111111111110000000
0000000011111110011110000000
0000000011110000001110000000
0000000000000000001111000000
0000000000000000011111000000
0000000000000000011110000000
0000000111100000111110000000
0000000111100001111100000000
0000000111111111111000000000
0000000011111111110000000000
0000000001111111100000000000
0000000000000000000000000000
0000000000000000000000000000
0000000000000000000000000000
