0000000000000000000000000000
0000000000000000000000000000
0000000000000000000000000000
0000000000000000000000000000
0000000000000000000000000000
0000000000000011111111000000
0000000000000111111111100000
0000000000001111111111100000
0000000000011111111111100000
0000000000011111011111000000
0000000000011110011111000000
0000000000000011111110000000
0000000000011111111110000000
0000000000011111111110000000
0000000000011111111110000000
0000000000011111111110000000
0000000000011110111110000000
0001110000000001111100000000
0001111100000001111000000000
0001111111101111111000000000
0001111111111111110000000000
0000011111111111100000000000
0000000001111110000000000000
0000000000000000000000000000
0000000000000000000000000000
0000000000000000000000000000
0000000000000000000000000000
0000000000000000000000000000
