0000000000000000000000000000
0000000000000000000000000000
0000000000000000000000000000
0000000000000000000000000000
0000000000000000001111000000
0000000000000000111110000000
0000000000000001111111000000
0000000000000111111111100000
0000000000001111111111100000
0000000000001111000111000000
0000000000001110011111000000
0000000000000000111110000000
0000000000000111111100000000
0000000000000111111100000000
0000000000000111101111000000
0000000000000000001111000000
0000000000000000001110000000
0000001000000000011110000000
0000111000000000111100000000
0001111000000001111100000000
0001111100000111111000000000
0000111100111111110000000000
0000111111111111000000000000
0000011111111000000000000000
0000000000000000000000000000
0000000000000000000000000000
0000000000000000000000000000
0000000000000000000000000000
