0000000000000000000000000000
0000000000000000000000000000
0000000000000000000000000000
0000000000000000000000000000
0000000000000000000000000000
0000000000001111111110000000
0000000000111111111110000000
0000000001111111111110000000
0000000001111110001110000000
0000000001111000011110000000
0000000000000000111110000000
0000000000000000111110000000
0000000000000111111100000000
0000000000011111111100000000
0000000000011111111100000000
0000000000011111111100000000
0000000000000000111100000000
0000000000000000111100000000
0000000000000000111100000000
0000001100000001111100000000
0000011100000001111000000000
0000011110000111111000000000
0000011111111111111000000000
0000001111111111110000000000
0000000111111111000000000000
0000000000000000000000000000
0000000000000000000000000000
0000000000000000000000000000
