0000000000000000000000000000
0000000000000000000000000000
0000000000000000000000000000
0000000000000000000000000000
0000000000000000000000000000
0000000111111111111000000000
0000001111111111111100000000
0000001111111111111110000000
0000001111111111111110000000
0000001111111101111110000000
0000001111000001111110000000
0000000000000011111100000000
0000000000001111111000000000
0000000111111111111000000000
0000000111111111111110000000
0000001111111111111110000000
0000001111111111111111000000
0000001111111110011111000000
0000001111110000001111000000
0000001111000000011111000000
0000000111100011111111000000
0000000111111111111110000000
0000000111111111111110000000
0000000011111111111000000000
0000000011111111111000000000
0000000000000000000000000000
0000000000000000000000000000
0000000000000000000000000000
