0000000000000000000000000000
0000000000000000000000000000
0000000000000000000000000000
0000000000000000000000000000
0000000000000000000000000000
0000000011111111111100000000
0000000111111111111100000000
0000001111111001111100000000
0000001111100000111100000000
0000000000000011111100000000
0000000000000111111000000000
0000000000001111110000000000
0000000000011111100000000000
0000000011111111111000000000
0000000011111111111100000000
0000000011111111111100000000
0000000001110000111110000000
0000000110000000001110000000
0000001110000000011110000000
0000001110000000011110000000
0000001111000000111110000000
0000001111110001111100000000
0000000111111111111100000000
0000000011111111111000000000
0000000001111111110000000000
0000000000000000000000000000
0000000000000000000000000000
0000000000000000000000000000
