0000000000000000000000000000
0000000000000000000000000000
0000000000000000000000000000
0000000000000000000000000000
0000000000000000000000000000
0000000000000000000000000000
0000000000000111110000000000
0000000000111111110000000000
0000000011111111110000000000
0000011111111111110000000000
0000011111101111110000000000
0000000000111111100000000000
0000000011111111000000000000
0000000011111111111100000000
0000000011111111111110000000
0000000000000011111111100000
0000000000000000001111100000
0000000000000000000011100000
0000000000000000000011100000
0000000000000000000111100000
0000000000000000001111000000
0000000000000000011110000000
0000000000000011111100000000
0000000000001111111000000000
0000000001111111110000000000
0000000001111110000000000000
0000000000000000000000000000
0000000000000000000000000000
