0000000000000000000000000000
0000000000000000000000000000
0000000000000000000000000000
0000000000000000000000000000
0000000011111111000000000000
0000000111111111100000000000
0000000111100011110000000000
0000000111000001110000000000
0000000111000001110000000000
0000000001000001110000000000
0000000000001111111000000000
0000000000111111111110000000
0000000001111111111111000000
0000000011111111001111000000
0000000011111110000111100000
0000000011111000000011100000
0000000011110000000111100000
0000000000000000000111100000
0000000011000000001111000000
0000000111000000111110000000
0000000111000011111110000000
0000000111111111111100000000
0000000111111111110000000000
0000000011111111000000000000
0000000000000000000000000000
0000000000000000000000000000
0000000000000000000000000000
0000000000000000000000000000
