0000000000000000000000000000
0000000000000000000000000000
0000000000000000000000000000
0000000000000000000000000000
0000000000000000000000000000
0000000000000000000000000000
0000000000000000000000000000
0000000000000000011111100000
0000000000000111111111100000
0000000000001111111111100000
0000000000001111111111100000
0000000000001111111111000000
0000000000011111111110000000
0000000000111111111000000000
0000000000111111111000000000
0000000000111100111000000000
0001100000000000111000000000
0001111000000001111000000000
0001111000000011111000000000
0001111100000111110000000000
0000111111111111100000000000
0000111111111111000000000000
0000001111111000000000000000
0000000000000000000000000000
0000000000000000000000000000
0000000000000000000000000000
0000000000000000000000000000
0000000000000000000000000000
