0000000000000000000000000000
0000000000000000000000000000
0000000000000000000000000000
0000000000000000000000000000
0000000000111111110000000000
0000000000111111111000000000
0000000001111111111100000000
0000000000111001111100000000
0000000000000011111000000000
0000000000000011111000000000
0000000000000111100000000000
0000000000001111000000000000
0000000000001111100000000000
0000000000001111111000000000
0000000000000111111000000000
0000000000000001111000000000
0000000000000000111100000000
0000000000000000111100000000
0000000000000000111000000000
0000000000000001111000000000
0000000111111101111000000000
0000111111111111110000000000
0000111111111111110000000000
0000011100011111100000000000
0000000000000000000000000000
0000000000000000000000000000
0000000000000000000000000000
0000000000000000000000000000
