0000000000000000000000000000
0000000000000000000000000000
0000000000000000000000000000
0000000000000111110000000000
0000000000011111111100000000
0000000000111111111100000000
0000000000111100011100000000
0000000000110000011100000000
0000000000000000011100000000
0000000000000000111100000000
0000000000000000111100000000
0000000000011111111000000000
0000000000011111110000000000
0000000000011111111000000000
0000000000000111111000000000
0000000000000000111100000000
0000100000000000011100000000
0000111000000000111100000000
0000111110000000111100000000
0000111111100001111100000000
0000011111111111111000000000
0000000111111111111000000000
0000000000111111110000000000
0000000000000000000000000000
0000000000000000000000000000
0000000000000000000000000000
0000000000000000000000000000
0000000000000000000000000000
