0000000000000000000000000000
0000000000000000000000000000
0000000000000000000000000000
0000000000000000000000000000
0000000000000000000000000000
0000000001111111111000000000
0000000111111111111000000000
0000000111111111111000000000
0000000111100000111000000000
0000000000000001111000000000
0000000000000011111000000000
0000000000000111110000000000
0000000000011111110000000000
0000000000111111111000000000
0000000000111111111100000000
0000000000111100011100000000
0000000000000000011100000000
0000000000000000011100000000
0000000000000000111100000000
0000000000000000111100000000
0000000001100001111100000000
0000000011110011111000000000
0000000011111111110000000000
0000000011111111110000000000
0000000001111111000000000000
0000000000000000000000000000
0000000000000000000000000000
0000000000000000000000000000
