0000000000000000000000000000
0000000000000000000000000000
0000000000000000000000000000
0000000000000000000000000000
0000000000000000000000000000
0000000000000000011110000000
0000000000000000111110000000
0000000000000000111000000000
0000000000000000111000000000
0000001000000000111000000000
0000011100000000111000000000
0000111100000011111000000000
0001110000011111111100000000
0001111111111111111100000000
0001111111111110111000000000
0000111111110000111000000000
0000000000000000111000000000
0000000000000000111000000000
0000000000000000111000000000
0000000000000000011100000000
0000000000000000011100000000
0000000000000000011100000000
0000000000000000011100000000
0000000000000000001110000000
0000000000000000001110000000
0000000000000000000000000000
0000000000000000000000000000
0000000000000000000000000000
