0000000000000000000000000000
0000000000000000000000000000
0000000000000000000000000000
0000000000000000000000000000
0000000000000000000000000000
0000000000000000000001110000
0000000000000000000011110000
0000000000000000000011100000
0000000000000000000111100000
0000000000000000001111000000
0000000000111000011111000000
0000000001111000111110000000
0000000011111000111100000000
0000000111110001111100000000
0000001111111101111000000000
0000001111111111110000000000
0000000111111111110000000000
0000000000001111110000000000
0000000000011111000000000000
0000000000011110000000000000
0000000000111100000000000000
0000000001111100000000000000
0000000001111000000000000000
0000000001110000000000000000
0000000001110000000000000000
0000000000000000000000000000
0000000000000000000000000000
0000000000000000000000000000
