0000000000000000000000000000
0000000000000000000000000000
0000000000000000000000000000
0000000000000000000000000000
0000000000000000000000000000
0000000000011110000000000000
0000000000011110000000000000
0000000000111100000000000000
0000000000111100000111000000
0000000001111000000111100000
0000000011111000001111100000
0000000011110000001110000000
0000000111100000011110000000
0000000111100000011110000000
0000000111000111111100000000
0000000111111111111110000000
0000000111111111111110000000
0000000111111110111100000000
0000000000000000111000000000
0000000000000000111000000000
0000000000000000111000000000
0000000000000000111000000000
0000000000000000111000000000
0000000000000000011000000000
0000000000000000011100000000
0000000000000000000000000000
0000000000000000000000000000
0000000000000000000000000000
