0000000000000000000000000000
0000000000000000000000000000
0000000000000000000000000000
0000000000000000000000000000
0000000000000000000000000000
0000000000001100000000000000
0000000000001100001000000000
0000000000111100011100000000
0000000000111100011100000000
0000000001111000011100000000
0000000011110000011100000000
0000001111111100011100000000
0000011111111110011100000000
0000011111001111111100000000
0000011110000111111000000000
0000000000000001111000000000
0000000000000000111000000000
0000000000000000111000000000
0000000000000000111000000000
0000000000000001111000000000
0000000000000001110000000000
0000000000000001110110000000
0000000000000001111110000000
0000000000000001111100000000
0000000000000001111000000000
0000000000000000000000000000
0000000000000000000000000000
0000000000000000000000000000
