0000000000000000000000000000
0000000000000000000000000000
0000000000000000000000000000
0000000000000000000000000000
0000000000000000000000000000
0000000000000000011100000000
0000011100000000011100000000
0000011100000000001100000000
0000011100000000001100000000
0000011100000000001100000000
0000011100000000001110000000
0000011100000000001110000000
0000011100000000000111000000
0000011100011111111111000000
0000011111111111111111000000
0000011111111111111111000000
0000011111111111111111100000
0000011111000000000111100000
0000001100000000000011100000
0000000000000000000011110000
0000000000000000000001110000
0000000000000000000001110000
0000000000000000000000110000
0000000000000000000000111000
0000000000000000000000111000
0000000000000000000000000000
0000000000000000000000000000
0000000000000000000000000000
