0000000000000000000000000000
0000000000000000000000000000
0000000000000000000000000000
0000000000000000000000000000
0000000000000000001110000000
0000000000000000011110000000
0000000000000000011110000000
0000000000000000011110000000
0000000000000000111100000000
0000000000111100111100000000
0000000001111100111000000000
0000000001111100111000000000
0000000011111001111000000000
0000000011110001110000000000
0000000111100011111110000000
0000000111111111111110000000
0000000111111111111100000000
0000000111111111111100000000
0000000001111111100000000000
0000000000001111100000000000
0000000000001111000000000000
0000000000001111000000000000
0000000000001111000000000000
0000000000001111000000000000
0000000000000000000000000000
0000000000000000000000000000
0000000000000000000000000000
0000000000000000000000000000
