0000000000000000000000000000
0000000000000000000000000000
0000000000000000000000000000
0000000000000000000000000000
0000000000000000000000000000
0000000000000000000000000000
0000000011110000000000000000
0000000111110000000111000000
0000000111110000011111000000
0000001111100011111111000000
0000001111100111111111000000
0000001111111111111111000000
0000001111111111111110000000
0000001111111111111110000000
0000001111111101111110000000
0000000111110001111100000000
0000000000000011111000000000
0000000000000011111000000000
0000000000000011110000000000
0000000000000111110000000000
0000000000000111100000000000
0000000000001111100000000000
0000000000001111000000000000
0000000000011111000000000000
0000000000011111000000000000
0000000000011110000000000000
0000000000000000000000000000
0000000000000000000000000000
