0000000000000000000000000000
0000000000000000000000000000
0000000000000000000000000000
0000000000000000000000000000
0000000000000000000000000000
0000000000000000000111000000
0000000110000000000111000000
0000000111000000000111000000
0000000111000000000111000000
0000000111000000001110000000
0000000110000000001110000000
0000000110000000011110000000
0000001110000000011110000000
0000001110000000011100000000
0000000111100000111100000000
0000000111111111111000000000
0000000011111111111000000000
0000000000111111110000000000
0000000000000011110000000000
0000000000000011100000000000
0000000000000011100000000000
0000000000000111100000000000
0000000000000111000000000000
0000000000000110000000000000
0000000000000110000000000000
0000000000000000000000000000
0000000000000000000000000000
0000000000000000000000000000
