0000000000000000000000000000
0000000000000000000000000000
0000000000000000000000000000
0000000000000000000000000000
0000000000000000000000000000
0000000000111000000000000000
0000000000111000000000000000
0000000000111000111000000000
0000000000111001111000000000
0000000000111001110000000000
0000000000110011110000000000
0000000000111011100000000000
0000000000111111100000000000
0000000000111111111100000000
0000000000011111111100000000
0000000000000111111000000000
0000000000000011000000000000
0000000000000011000000000000
0000000000000011000000000000
0000000000000011000000000000
0000000000000011000000000000
0000000000000011000000000000
0000000000000011100000000000
0000000000000011110000000000
0000000000000001110000000000
0000000000000000000000000000
0000000000000000000000000000
0000000000000000000000000000
