0000000000000000000000000000
0000000000000000000000000000
0000000000000000000000000000
0000000000000000000000000000
0000000000000000000000000000
0000000000000000011110000000
0000000011100000011110000000
0000000111100000011110000000
0000000111110000011110000000
0000000111100000111110000000
0000000111100000111110000000
0000000111100000111100000000
0000000111100001111100000000
0000000111100011111100000000
0000000111111111111100000000
0000000111111111111100000000
0000000011111111111100000000
0000000001111111111100000000
0000000000011100111100000000
0000000000000000111100000000
0000000000000000111110000000
0000000000000000011110000000
0000000000000000011110000000
0000000000000000011110000000
0000000000000000011110000000
0000000000000000000000000000
0000000000000000000000000000
0000000000000000000000000000
