0000000000000000000000000000
0000000000000000000000000000
0000000000000000000000000000
0000000000000000000000000000
0000000000000000000000000000
0000000000000000000000000000
0000000000011100000000000000
0000000001111100000000000000
0000000011111100000011110000
0000000111110000000111110000
0000001111100000111111110000
0000001111011111111111100000
0000001111111111111111000000
0000001111111111111110000000
0000001111111100111110000000
0000000000000001111100000000
0000000000000001111000000000
0000000000000111111000000000
0000000000000111100000000000
0000000000001111100000000000
0000000000011111000000000000
0000000000111110000000000000
0000000000111100000000000000
0000000001111000000000000000
0000000001111000000000000000
0000000001110000000000000000
0000000000000000000000000000
0000000000000000000000000000
