0000000000000000000000000000
0000000000000000000000000000
0000000000000000000000000000
0000000000000000000000000000
0000000000000000000000000000
0000000000000000000000000000
0000000000000001110000000000
0000000011100001111000000000
0000000011100001111000000000
0000000111100001111000000000
0000001111100001111000000000
0000001111100001111000000000
0000001111100001111000000000
0000001111000001111000000000
0000000111001111111000000000
0000000111111111111000000000
0000000111111111111000000000
0000000011111101111000000000
0000000011111001111000000000
0000000000000001111000000000
0000000000000001111000000000
0000000000000001111000000000
0000000000000001111000000000
0000000000000001111000000000
0000000000000000111000000000
0000000000000000111000000000
0000000000000000000000000000
0000000000000000000000000000
