0000000000000000000000000000
0000000000000000000000000000
0000000000000000000000000000
0000000000000000000000000000
0000000000000000000000000000
0000000000001110000000000000
0000011000001111000000000000
0000011100000111000000000000
0000011100000111000000000000
0000011100000111100000000000
0000001110000011100000000000
0000001111000011100000000000
0000001111110011110000000000
0000000111111111110000000000
0000000011111111110000000000
0000000001111111111000000000
0000000000000001111000000000
0000000000000000111100000000
0000000000000000111100000000
0000000000000000111100000000
0000000000000000111100000000
0000000000000000011110000000
0000000000000000011110000000
0000000000000000001110000000
0000000000000000001110000000
0000000000000000000000000000
0000000000000000000000000000
0000000000000000000000000000
