0000000000000000000000000000
0000000000000000000000000000
0000000000000000000000000000
0000000000000000000000000000
0000000000000000000000000000
0000000000000011110000000000
0000000000000011110000000000
0000000000000011110000000000
0000000011100011110000000000
0000000011110011110000000000
0000000011110001110000000000
0000000011110001110000000000
0000000011110001110000000000
0000000011110001110000000000
0000000011110001111000000000
0000000011111111111000000000
0000000001111111111000000000
0000000000111111111000000000
0000000000011111111000000000
0000000000000000111000000000
0000000000000000111100000000
0000000000000000111100000000
0000000000000000111100000000
0000000000000000111100000000
0000000000000000111100000000
0000000000000000000000000000
0000000000000000000000000000
0000000000000000000000000000
