0000000000000000000000000000
0000000000000000000000000000
0000000000000000000000000000
0000000000000000000000000000
0000000000000000000000000000
0000000000000000000000000000
0000000000001110000000111100
0000000000001110000000111100
0000000000011110000001111000
0000000000111100000011111000
0000000001111000000111100000
0000000001110000001111000000
0000000111110000011111000000
0000000111100000011110000000
0000001111111000111100000000
0000001111111111111100000000
0000001111111111111110000000
0000000111111111111110000000
0000000000000111110000000000
0000000000000111100000000000
0000000000001111000000000000
0000000000001110000000000000
0000000000011110000000000000
0000000000011100000000000000
0000000000111000000000000000
0000000000111000000000000000
0000000000000000000000000000
0000000000000000000000000000
