0000000000000000000000000000
0000000000000000000000000000
0000000000000000000000000000
0000000000000000000000000000
0000000000000000000111000000
0000000000000000000111000000
0000000000000000001111000000
0000000000000000011110000000
0000000001000000011110000000
0000000011100000011100000000
0000000011100000111100000000
0000000111100000111000000000
0000000111000001111000000000
0000001111000001111000000000
0000001111111111110000000000
0000001111111111111111000000
0000001111111111111111000000
0000000100000011100000000000
0000000000000011100000000000
0000000000000111100000000000
0000000000000111100000000000
0000000000000111100000000000
0000000000000111100000000000
0000000000000111100000000000
0000000000000000000000000000
0000000000000000000000000000
0000000000000000000000000000
0000000000000000000000000000
