0000000000000000000000000000
0000000000000000000000000000
0000000000000000000000000000
0000000000000000000000000000
0000000001111000000000000000
0000000001111100000000000000
0000000001111100000000000000
0000000000111100000000000000
0000000000111100011100000000
0000000001111100011100000000
0000000011111100011100000000
0000000011111000011110000000
0000000011111000011110000000
0000000111110000011110000000
0000000111110000011111100000
0000001111111111111111100000
0000011111111111111111100000
0000011111111111111111100000
0000011111111111111110000000
0000011111100000011111000000
0000000000000000001111000000
0000000000000000001111100000
0000000000000000001111100000
0000000000000000000111100000
0000000000000000000000000000
0000000000000000000000000000
0000000000000000000000000000
0000000000000000000000000000
