0000000000000000000000000000
0000000000000000000000000000
0000000000000000000000000000
0000000000000000000000000000
0000000000000000000000000000
0000000011100000001110000000
0000000111110000001111000000
0000001111100000001111000000
0000001111100000001111000000
0000001111000000001111000000
0000001111000000001111000000
0000011111000011001111100000
0000011110000111101111100000
0000011110011111111111100000
0000011110111111111111100000
0000011111111111111111100000
0000011111111100111111000000
0000001111111000011111000000
0000001111111000001111000000
0000001111110000001111000000
0000000010000000001111000000
0000000000000000001111100000
0000000000000000001111110000
0000000000000000000111110000
0000000000000000000011110000
0000000000000000000000000000
0000000000000000000000000000
0000000000000000000000000000
