0000000000000000000000000000
0000000000000000000000000000
0000000000000000000000000000
0000000000000000000000000000
0000000000000000000000000000
0000000001110000000000000000
0000000001110000001000000000
0000000011110000011100000000
0000000011100000011110000000
0000000111100000011110000000
0000001111000000011110000000
0000001110000000011110000000
0000011110000000011110000000
0000011111111101111110000000
0000011111111111111110000000
0000011111111111111110000000
0000000111111111111110000000
0000000000011111111110000000
0000000000000000011110000000
0000000000000000011110000000
0000000000000000011110000000
0000000000000000011110000000
0000000000000000011110000000
0000000000000000011110000000
0000000000000000011110000000
0000000000000000000000000000
0000000000000000000000000000
0000000000000000000000000000
