0000000000000000000000000000
0000000000000000000000000000
0000000000000000000000000000
0000000000000000000000000000
0000000011110000000000000000
0000000111110000000000000000
0000000111000000000001100000
0000000111000000000011100000
0000001111000000000011100000
0000011110000000000011100000
0000011110000000000011100000
0000011100000000000111100000
0000011100000000000111000000
0000011100000000001111000000
0000011100000011111111000000
0000011100011111110111000000
0000011111111111000011000000
0000011111111100000011100000
0000001111100000000011100000
0000000000000000000011100000
0000000000000000000011100000
0000000000000000000011110000
0000000000000000000001111000
0000000000000000000000111000
0000000000000000000000000000
0000000000000000000000000000
0000000000000000000000000000
0000000000000000000000000000
