0000000000000000000000000000
0000000000000000000000000000
0000000000000000000000000000
0000000000000000000000000000
0000000000000000000000000000
0000000000000000000111000000
0000000000111000000111000000
0000000001111000000111000000
0000000001111000000111000000
0000000001111000001111000000
0000000011111000011111000000
0000000011110000011110000000
0000000111110000011110000000
0000000111100000011110000000
0000000111100000111110000000
0000000111111111111110000000
0000000111111111111100000000
0000000111111111111100000000
0000000011111111111100000000
0000000001000001111000000000
0000000000000001111000000000
0000000000000001110000000000
0000000000000001110000000000
0000000000000001110000000000
0000000000000000110000000000
0000000000000000000000000000
0000000000000000000000000000
0000000000000000000000000000
