0000000000000000000000000000
0000000000000000000000000000
0000000000000000000000000000
0000000000000000000000000000
0000000000000000000000000000
0000000000000000011100000000
0000000011100000011100000000
0000000011100000011000000000
0000000011100000011000000000
0000000011000000011000000000
0000000011000000011000000000
0000000011000000111000000000
0000000011000000111000000000
0000000011000000111000000000
0000000011100000111000000000
0000000011110011111000000000
0000000011111111111000000000
0000000001111111110000000000
0000000000111111110000000000
0000000000000001110000000000
0000000000000001110000000000
0000000000000001110000000000
0000000000000001110000000000
0000000000000001110000000000
0000000000000000110000000000
0000000000000000000000000000
0000000000000000000000000000
0000000000000000000000000000
