0000000000000000000000000000
0000000000000000000000000000
0000000000000000000000000000
0000000000000000000000000000
0000000000000000000000000000
0000000000000000111100000000
0000000001110000111100000000
0000000001110000111100000000
0000000001110000111000000000
0000000001110000111000000000
0000000001110001111000000000
0000000001110011111000000000
0000000001110011111000000000
0000000011111111111000000000
0000000111111111111000000000
0000000111111111111000000000
0000000111111111111000000000
0000000001100011111000000000
0000000000000011110000000000
0000000000000011110000000000
0000000000000011110000000000
0000000000000011110000000000
0000000000000111110000000000
0000000000000111110000000000
0000000000000011100000000000
0000000000000000000000000000
0000000000000000000000000000
0000000000000000000000000000
