0000000000000000000000000000
0000000000000000000000000000
0000000000000000000000000000
0000000000000000000000000000
0000000000000000000000000000
0000000000000000001110000000
0000000000110000011110000000
0000000001111000011110000000
0000000001111000011100000000
0000000011110000111100000000
0000000111110000111100000000
0000000111100000111100000000
0000001111100001111100011000
0000011111111111111000111000
0000011111111111110001111000
0000011111111111111111111000
0000011111011111111111100000
0000011100001111111111000000
0000000000011111111000000000
0000000000111110000000000000
0000000000111100000000000000
0000000000111100000000000000
0000000000111000000000000000
0000000000000000000000000000
0000000000000000000000000000
0000000000000000000000000000
0000000000000000000000000000
0000000000000000000000000000
