0000000000000000000000000000
0000000000000000000000000000
0000000000000000000000000000
0000000000000000000000000000
0000000000000000000000000000
0000000000000000000000000000
0000000001111000000011110000
0000000001111000000011110000
0000000011111000000111110000
0000000111110000000111110000
0000000111110000000111100000
0000000111100000001111100000
0000001111100001111111100000
0000001111101111111111100000
0000001111111111111111000000
0000001111111111111111000000
0000001111111110111110000000
0000001111110000111100000000
0000000000000000111100000000
0000000000000001111100000000
0000000000000001111000000000
0000000000000001111000000000
0000000000000001110000000000
0000000000000011110000000000
0000000000000011110000000000
0000000000000001110000000000
0000000000000000000000000000
0000000000000000000000000000
