0000000000000000000000000000
0000000000000000000000000000
0000000000000000000000000000
0000000000000000000000000000
0000000000000000000000000000
0000000000110000000111100000
0000000011110000000111100000
0000000011110000000111100000
0000000011110000001111000000
0000000011110000001111000000
0000000011110000001111000000
0000000111100000011110000000
0000001111100000011100000000
0000001111100000111100000000
0000001111101100111101111000
0000011111111111111111111000
0000011111111111111111110000
0000011111111111111111000000
0000000111100011111000000000
0000000000000011110000000000
0000000000000111110000000000
0000000000001111100000000000
0000000000011111000000000000
0000000000011111000000000000
0000000000011110000000000000
0000000000000000000000000000
0000000000000000000000000000
0000000000000000000000000000
