0000000000000000000000000000
0000000000000000000000000000
0000000000000000000000000000
0000000000000000000000000000
0000000000000111000000000000
0000000000001111000000000000
0000000000011111000000000000
0000000000011110000000110000
0000000000111100000001110000
0000000000111100000001110000
0000000001111000000011110000
0000000011110000000011110000
0000000011110000000011100000
0000001111100000011111100000
0000011111000011111111100000
0000011111111111111111000000
0000111111111111111111000000
0000111111111111011110000000
0000111111110000111110000000
0000111110000000111110000000
0000000000000000111100000000
0000000000000000111100000000
0000000000000000000000000000
0000000000000000000000000000
0000000000000000000000000000
0000000000000000000000000000
0000000000000000000000000000
0000000000000000000000000000
