0000000000000000000000000000
0000000000000000000000000000
0000000000000000000000000000
0000000000000000000000000000
0000000000000000000000000000
0000000111000000110000000000
0000000111000000111000000000
0000001111100000111100000000
0000001111000000111100000000
0000001111000000111100000000
0000001111000000011100000000
0000001111000000011100000000
0000001111000001111111000000
0000001111111111111111000000
0000001111111111111111000000
0000001111111111111111000000
0000001111111110111110000000
0000000000000000111100000000
0000000000000000111100000000
0000000000000000111100000000
0000000000000001111100000000
0000000000000001111100000000
0000000000000001111100000000
0000000000000001111100000000
0000000000000000111100000000
0000000000000000000000000000
0000000000000000000000000000
0000000000000000000000000000
