0000000000000000000000000000
0000000000000000000000000000
0000000000000000000000000000
0000000000000000000000000000
0000000000000000000000000000
0000000000000000000000000000
0000000000000000000000011110
0000000000000000000001111110
0000000000011110000011111110
0000000001111110000111111000
0000000011111110001111110000
0000000011111100011111000000
0000000111111000011111000000
0000000111100001111110000000
0000000111100001111100000000
0000000111000011111000000000
0000000111100111111000000000
0000000111110111110000000000
0000000111111111111000000000
0000000011111111111110000000
0000000000111111111100000000
0000000000011111000000000000
0000000000111100000000000000
0000000000111100000000000000
0000000000110000000000000000
0000000000000000000000000000
0000000000000000000000000000
0000000000000000000000000000
