0000000000000000000000000000
0000000000000000000000000000
0000000000000000000000000000
0000000000000000000000000000
0000000000000000000000000000
0000000000000000000000000000
0000000000111100001110000000
0000000001111100111110000000
0000000001111100111100000000
0000000001111001111000000000
0000000001111101111000000000
0000000001111101111000000000
0000000000111111111001100000
0000000000111111111011100000
0000000000011111111111100000
0000000000001111111111000000
0000000000000111111110000000
0000000000000111110000000000
0000000000000111100000000000
0000000000000111100000000000
0000000000000111100000000000
0000000000001111100000000000
0000000000001111000000000000
0000000000011111000000000000
0000000000011111000000000000
0000000000011110000000000000
0000000000000000000000000000
0000000000000000000000000000
