0000000000000000000000000000
0000000000000000000000000000
0000000000000000000000000000
0000000000000000000000000000
0000000000111100000000000000
0000000000111100000000000000
0000000011111100000000000000
0000000011111100000000000000
0000000011111100000000000000
0000000011100000000000000000
0000000111100000000000000000
0000000111100000000000000000
0000000111100000000011000000
0000000111110000000111100000
0000000011110000001111100000
0000000011111110001111100000
0000000001111111111111000000
0000000000011111111111000000
0000000000000111111110000000
0000000000000000111110000000
0000000000000000011110000000
0000000000000000011110000000
0000000000000000011110000000
0000000000000000001110000000
0000000000000000000000000000
0000000000000000000000000000
0000000000000000000000000000
0000000000000000000000000000
