0000000000000000000000000000
0000000000000000000000000000
0000000000000000000000000000
0000000000000000000000000000
0000000000000000000000000000
0000001110000011100000000000
0000001110000011100000000000
0000001110000011100000000000
0000001110000011110000000000
0000001110000011110000000000
0000001111000011110000000000
0000001111000001110000000000
0000000111000001110000000000
0000000111111111111111111100
0000000111111111111111111100
0000000111111111111111111100
0000000111111111111111111000
0000000000000001111000000000
0000000000000001111000000000
0000000000000000111000000000
0000000000000000111100000000
0000000000000000111100000000
0000000000000000111100000000
0000000000000000111100000000
0000000000000000111100000000
0000000000000000000000000000
0000000000000000000000000000
0000000000000000000000000000
