0000000000000000000000000000
0000000000000000000000000000
0000000000000000000000000000
0000000000000000000000000000
0000000000000000011100000000
0000000000000000011100000000
0000000000000000111100000000
0000000000000000111100000000
0000000000000001111000000000
0000000000110001111000000000
0000000001110001110000000000
0000000011110011110000000000
0000000011110011100000000000
0000000011110111100000000000
0000001111101111000000000000
0000001111001111111111110000
0000001111111111111111110000
0000001111111111111111110000
0000000000111111000000000000
0000000000111110000000000000
0000000000111100000000000000
0000000000111100000000000000
0000000000111000000000000000
0000000000111000000000000000
0000000000000000000000000000
0000000000000000000000000000
0000000000000000000000000000
0000000000000000000000000000
