0000000000000000000000000000
0000000000000000000000000000
0000000000000000000000000000
0000000000000000000000000000
0000000000000000000000000000
0000000000000000000000000000
0000000000000000000001111100
0000000000000000000001111100
0000000000110000000011111100
0000000001110000001111111100
0000000011111000001111111000
0000000111111000111111100000
0000001111111000111111000000
0000001111100011111110000000
0000001111100011111110000000
0000001111000111111000000000
0000001111111111110000000000
0000001111111111000000000000
0000001111111111000000000000
0000001111111110000000000000
0000000011111100000000000000
0000000111110000000000000000
0000000111110000000000000000
0000000111100000000000000000
0000000111100000000000000000
0000000111000000000000000000
0000000000000000000000000000
0000000000000000000000000000
