0000000000000000000000000000
0000000000000000000000000000
0000000000000000000000000000
0000000000000000000000000000
0000000000000000000000000000
0000000000000000000000000000
0000000000011110000011110000
0000000000111110000011110000
0000000000111110000111110000
0000000011111110001111110000
0000000011111100001111100000
0000000111111000111111000000
0000001111111111111111000000
0000001111111111111111000000
0000001111111111111111000000
0000011111111111111111000000
0000011111111111111111000000
0000011111111111111111000000
0000001100001111100000000000
0000000000011111100000000000
0000000000011111100000000000
0000000000011111000000000000
0000000000111110000000000000
0000000000111110000000000000
0000000000111110000000000000
0000000000111110000000000000
0000000000000000000000000000
0000000000000000000000000000
