0000000000000000000000000000
0000000000000000000000000000
0000000000000000000000000000
0000000000000000000000000000
0000000011110000001110000000
0000000011110000011110000000
0000000011110000011110000000
0000000111110000011110000000
0000000111110000011100000000
0000000111110000011100000000
0000000111110000011100000000
0000000111100000011100000000
0000000111100000011110000000
0000001111100000011110000000
0000001111110000011110000000
0000000111110000011110000000
0000000011111100011111000000
0000000011111111111111000000
0000000011111111111111000000
0000000011111111111111000000
0000000000111111111111000000
0000000000000000011111000000
0000000000000000011111000000
0000000000000000011111000000
0000000000000000000000000000
0000000000000000000000000000
0000000000000000000000000000
0000000000000000000000000000
