0000000000000000000000000000
0000000000000000000000000000
0000000000000000000000000000
0000000000000000000000000000
0000000000000000000000000000
0000000000000000000000000000
0000000011100000011000000000
0000000011100000011000000000
0000000011100000111000000000
0000000011100000111000000000
0000000011000000111000000000
0000000111000000111000000000
0000000111000000111110000000
0000000111000001111110000000
0000000111111111111110000000
0000000111111111111000000000
0000000011111111110000000000
0000000000000001110000000000
0000000000000001110000000000
0000000000000001110000000000
0000000000000001110000000000
0000000000000001110000000000
0000000000000001110000000000
0000000000000001110000000000
0000000000000001110000000000
0000000000000001110000000000
0000000000000000000000000000
0000000000000000000000000000
