0000000000000000000000000000
0000000000000000000000000000
0000000000000000000000000000
0000000000000000000000000000
0000000000000000000000000000
0000000000000000000000000000
0000000000000000000000000000
0000000000000000000000011110
0000000000001111000001111110
0000000000011111000111111100
0000000000011110001111110000
0000000000111100011111000000
0000000001111000011111100000
0000000011111111111111100000
0000000111111111111111000000
0000000111111111111000000000
0000000111110111100000000000
0000000110001111000000000000
0000000000111110000000000000
0000000000111100000000000000
0000000001111000000000000000
0000000011111000000000000000
0000000111111000000000000000
0000000111100000000000000000
0000000000000000000000000000
0000000000000000000000000000
0000000000000000000000000000
0000000000000000000000000000
