0000000000000000000000000000
0000000000000000000000000000
0000000000000000000000000000
0000000000000000000000000000
0000000000000000000000000000
0000000010000000000001110000
0000000011000000000011110000
0000000111000000000111100000
0000000111000000001111000000
0000001110000000011111000000
0000001110000000011110000000
0000001110000000111110000000
0000001110000000111100000000
0000001111000001111000000000
0000000111110011111000000000
0000000111111111110000000000
0000000011111111111110000000
0000000000011111111100000000
0000000000000111000000000000
0000000000001111000000000000
0000000000001111000000000000
0000000000011110000000000000
0000000000011110000000000000
0000000000011100000000000000
0000000000011100000000000000
0000000000000000000000000000
0000000000000000000000000000
0000000000000000000000000000
