0000000000000000000000000000
0000000000000000000000000000
0000000000000000000000000000
0000000000000000000000000000
0000000000000000000000000000
0000000000000000000000000000
0000000000000011000001110000
0000000000000111100011110000
0000000000001111000111100000
0000000000011111001111100000
0000000000011111001111000000
0000000000111110011111000000
0000000001111111111110000000
0000000001111111111100000000
0000000001111111111000000000
0000000001111111111000000000
0000000000000111100000000000
0000000000011111100000000000
0000000000011111000000000000
0000000000111111000000000000
0000000000111110000000000000
0000000001111100000000000000
0000000011111000000000000000
0000000011110000000000000000
0000000111100000000000000000
0000000111100000000000000000
0000000000000000000000000000
0000000000000000000000000000
