0000000000000000000000000000
0000000000000000000000000000
0000000000000000000000000000
0000000000000000111000000000
0000000000000000111000000000
0000000000000000111000000000
0000000000000000111000000000
0000000011100000111000000000
0000000111100000111000000000
0000000111100000111100000000
0000000111100000111100000000
0000000111100000111100000000
0000000111100000111100000000
0000001111100000111110000000
0000001111110000011110000000
0000001111111000111110000000
0000001111111111111110000000
0000001111111111111110000000
0000001110111111111110000000
0000000000001111001111000000
0000000000000000001111000000
0000000000000000001110000000
0000000000000000001110000000
0000000000000000000000000000
0000000000000000000000000000
0000000000000000000000000000
0000000000000000000000000000
0000000000000000000000000000
