0000000000000000000000000000
0000000000000000000000000000
0000000000000000000000000000
0000000000000000000000000000
0000000000000000000000000000
0000000000000000000000000000
0000000000000011110000000000
0000000000000111110000000000
0000000000001111110000000000
0000000000011111110000000000
0000000000011101110000000000
0000000000111100110000000000
0000000001110000111000000000
0000000011110000111000000000
0000000111111100111000000000
0000000111111111111000000000
0000000011011111111000000000
0000000000000111111000000000
0000000000000001110000000000
0000000000000000110000000000
0000000000000000110000000000
0000000000000000110000000000
0000000000000000110000000000
0000000000000000110000000000
0000000000000000110000000000
0000000000000000110000000000
0000000000000000000000000000
0000000000000000000000000000
