0000000000000000000000000000
0000000000000000000000000000
0000000000000000000000000000
0000000000000000000000000000
0000000000000000000000000000
0000001110000000011000000000
0000001110000000011000000000
0000000110000000011100000000
0000000111000000011100000000
0000000111000000011100000000
0000000111000000001100000000
0000000111000000001100000000
0000000111000000001100000000
0000000011100000001110000000
0000000011100000001110000000
0000000001100000001110000000
0000000001100000001111000000
0000000001110011111111000000
0000000001111111111111000000
0000000001111111000111000000
0000000000000000000111000000
0000000000000000000111000000
0000000000000000000111000000
0000000000000000000011000000
0000000000000000000111000000
0000000000000000000000000000
0000000000000000000000000000
0000000000000000000000000000
