0000000000000000000000000000
0000000000000000000000000000
0000000000000000000000000000
0000000000000000000000000000
0000000000111000000000000000
0000000000111000000000000000
0000000000111000000000000000
0000000000111000000000000000
0000000001110001110000000000
0000000001110001110000000000
0000000001110001110000000000
0000000001110001110000000000
0000000011100001100000000000
0000000011100011111111000000
0000000011111111111110000000
0000000001111111111000000000
0000000000011101100000000000
0000000000000001100000000000
0000000000000001100000000000
0000000000000001110000000000
0000000000000001110000000000
0000000000000001110000000000
0000000000000001111000000000
0000000000000000111000000000
0000000000000000000000000000
0000000000000000000000000000
0000000000000000000000000000
0000000000000000000000000000
