0000000000000000000000000000
0000000000000000000000000000
0000000000000000000000000000
0000000000000000000000000000
0000000000000000000000000000
0000000000000000111100000000
0000000000000000111000000000
0000000000011100111000000000
0000000000011101111000000000
0000000000111111111000000000
0000000000111111111000000000
0000000000111111111000000000
0000000001111111111000000000
0000000001111111111100000000
0000000001111111111110000000
0000000001111111111100000000
0000000001111111111100000000
0000000001111111110000000000
0000000000111111100000000000
0000000000001111100000000000
0000000000001111100000000000
0000000000001111100000000000
0000000000001111000000000000
0000000000001111000000000000
0000000000001111000000000000
0000000000000000000000000000
0000000000000000000000000000
0000000000000000000000000000
