0000000000000000000000000000
0000000000000000000000000000
0000000000000000000000000000
0000000000000000000000000000
0000000000000000000000000000
0000000000000111000000000000
0000000000000111000000000000
0000000000000111100000000000
0000000000001111110000000000
0000000000001111110000000000
0000000000011101110000000000
0000000000011101110000000000
0000000000111101110000000000
0000000000111000110000000000
0000000000111111110000000000
0000000001111111111000000000
0000000011111101111000000000
0000000011110000111000000000
0000000001000000111000000000
0000000000000000111000000000
0000000000000000111000000000
0000000000000000111000000000
0000000000000000111000000000
0000000000000000111100000000
0000000000000000111100000000
0000000000000000000000000000
0000000000000000000000000000
0000000000000000000000000000
