0000000000000000000000000000
0000000000000000000000000000
0000000000000000000000000000
0000000000000000000000000000
0000000000000000000000000000
0000000000010000011100000000
0000000001111000111100000000
0000000011111000111100000000
0000000111110000011100000000
0000001111100000011100000000
0000001111100000111100000000
0000001111000000111100000000
0000001111000000111100000000
0000001111100000111100000000
0000001111110000111100000000
0000001111111111111100000000
0000000111111111111100000000
0000000011111111111100000000
0000000000111111111100000000
0000000000000001111100000000
0000000000000001111000000000
0000000000000001111000000000
0000000000000001111000000000
0000000000000001111000000000
0000000000000001110000000000
0000000000000000000000000000
0000000000000000000000000000
0000000000000000000000000000
