0000000000000000000000000000
0000000000000000000000000000
0000000000000000000000000000
0000000000000000000000000000
0000000000000000000000000000
0000000000000000000000111000
0000000000000000000001111000
0000000000001110000011111000
0000000000011111000111110000
0000000000111111001111100000
0000000001111110011111100000
0000000011111000011110000000
0000000111110000111110000000
0000001111111111111110010000
0000011111111111111111111000
0000011111111111111111111000
0000011111100111111111111000
0000000000001111110000000000
0000000000001111000000000000
0000000000011111000000000000
0000000000111110000000000000
0000000001111100000000000000
0000000011111000000000000000
0000000011110000000000000000
0000000111110000000000000000
0000000000000000000000000000
0000000000000000000000000000
0000000000000000000000000000
