0000000000000000000000000000
0000000000000000000000000000
0000000000000000000000000000
0000000000000000000110000000
0000000000000000001110000000
0000000000000000001110000000
0000000000000000001110000000
0000000000000000011100000000
0000000000110000011100000000
0000000001110000111100000000
0000000001110000111000000000
0000000011110000111000000000
0000000011110001111000000000
0000000011100001111110000000
0000000111111111111110000000
0000000111111111111000000000
0000000111111111100000000000
0000000111111111100000000000
0000000011111111100000000000
0000000000001111000000000000
0000000000001111000000000000
0000000000011110000000000000
0000000000011110000000000000
0000000000000000000000000000
0000000000000000000000000000
0000000000000000000000000000
0000000000000000000000000000
0000000000000000000000000000
