0000000000000000000000000000
0000000000000000000000000000
0000000000000000000000000000
0000000000000000000000000000
0000000000000000000000000000
0000000000000000111100000000
0000000000000001111100000000
0000000000000001111000000000
0000000000000011111000000000
0000000000000111111000000000
0000000000000111111000000000
0000000000011111111000000000
0000000000111111111000000000
0000000001111101111000000000
0000000011111111111100000000
0000001111111111111100000000
0000001111111111111100000000
0000001111111101111000000000
0000000111110001111000000000
0000000000000001111000000000
0000000000000001111000000000
0000000000000001111000000000
0000000000000001111100000000
0000000000000001111100000000
0000000000000001111000000000
0000000000000000000000000000
0000000000000000000000000000
0000000000000000000000000000
