0000000000000000000000000000
0000000000000000000000000000
0000000000000000000000000000
0000000000000000000000000000
0000000000000000000000000000
0000000000011000000000000000
0000000000111000000000000000
0000000001111000000000000000
0000000001111000000111100000
0000000001111000000111100000
0000000001110000001111000000
0000000011111100011110000000
0000000011111111011110000000
0000000001111111111100000000
0000000001111111111100000000
0000000000011111111000000000
0000000000000001111000000000
0000000000000011110000000000
0000000000000011110000000000
0000000000000011110000000000
0000000000000111100000000000
0000000000000111000000000000
0000000000000111000000000000
0000000000000111000000000000
0000000000000110000000000000
0000000000000000000000000000
0000000000000000000000000000
0000000000000000000000000000
