0000000000000000000000000000
0000000000000000000000000000
0000000000000000000000000000
0000000000000000000000000000
0000000000000000000000000000
0000000001110001110000000000
0000000001110001110000000000
0000000001110000110000000000
0000000001110000110000000000
0000000001110000110000000000
0000000001110000111000000000
0000000001110000111000000000
0000000001100000111000000000
0000000001100000111000000000
0000000011111111111100000000
0000000011111111111100000000
0000000011111111111100000000
0000000001111111111000000000
0000000000000000111000000000
0000000000000000111000000000
0000000000000000111000000000
0000000000000000111000000000
0000000000000000111000000000
0000000000000000111000000000
0000000000000000111000000000
0000000000000000000000000000
0000000000000000000000000000
0000000000000000000000000000
