0000000000000000000000000000
0000000000000000000000000000
0000000000000000000000000000
0000000000000000000000000000
0000000000000000000011100000
0000000000000000000111000000
0000000000000000000111000000
0000000000000000001110000000
0000000000000011001110000000
0000000000000111011100000000
0000000000001111111100000000
0000000000011111111000000000
0000000000011101110000000000
0000000000111011110000000000
0000000001111011101000000000
0000000011111111111000000000
0000000111111111110000000000
0000000111001110000000000000
0000000000011100000000000000
0000000000011100000000000000
0000000000111000000000000000
0000000001110000000000000000
0000000001110000000000000000
0000000011100000000000000000
0000000000000000000000000000
0000000000000000000000000000
0000000000000000000000000000
0000000000000000000000000000
