0000000000000000000000000000
0000000000000000000000000000
0000000000000000000000000000
0000000000000000000000000000
0000000000000000000000000000
0000000000000000111000000000
0000000000000000111100000000
0000000001100000111100000000
0000000011100000111100000000
0000000011100001111000000000
0000000111100001111000000000
0000000111100001111100000000
0000000111111111111110000000
0000000111111111111100000000
0000000111111111111100000000
0000000011111111110000000000
0000000001111011110000000000
0000000000000011110000000000
0000000000000011110000000000
0000000000000011110000000000
0000000000000011110000000000
0000000000000001110000000000
0000000000000001110000000000
0000000000000001110000000000
0000000000000001110000000000
0000000000000000000000000000
0000000000000000000000000000
0000000000000000000000000000
