0000000000000000000000000000
0000000000000000000000000000
0000000000000000000000000000
0000000000000000000000000000
0000000000000000000000000000
0000000000000000000000000000
0000000000000000001111000000
0000000000001100011111000000
0000000000011100011100000000
0000000000111000111100000000
0000000001111001111000000000
0000000001110001111000000000
0000000011110011110000000000
0000000011100011110000000000
0000000011110011100000000000
0000000001111111100000000000
0000000001111111100000000000
0000000000000011100000000000
0000000000000011100000000000
0000000000000011100000000000
0000000000000011100000000000
0000000000000011100000000000
0000000000000011100000000000
0000000000000011100000000000
0000000000000011100000000000
0000000000000011100000000000
0000000000000000000000000000
0000000000000000000000000000
