0000000000000000000000000000
0000000000000000000000000000
0000000000000000000000000000
0000000000000000000000000000
0000000000000000011000000000
0000000000000000011000000000
0000000000000000011000000000
0000000001110000011000000000
0000000001110000011000000000
0000000001110000011000000000
0000000001110000011000000000
0000000001110000011000000000
0000000011100000011000000000
0000000011110000111000000000
0000000111111100111110000000
0000000111111110111110000000
0000000111001111111100000000
0000000111000111111000000000
0000000110000000110000000000
0000000000000000110000000000
0000000000000001110000000000
0000000000000001110000000000
0000000000000001110000000000
0000000000000001100000000000
0000000000000000000000000000
0000000000000000000000000000
0000000000000000000000000000
0000000000000000000000000000
