0000000000000000000000000000
0000000000000000000000000000
0000000000000000000000000000
0000000000000000000000000000
0000000000000000000000000000
0000000111000000000000000000
0000011111000000001111000000
0000011111000000011111000000
0000011111000000011111000000
0000011110000000011111000000
0000011110000000011110000000
0000111100000000011110000000
0000111100000000111110000000
0000111100000001111110000000
0000111110000001111110000000
0000111111111111111100000000
0000011111111111111000000000
0000011111111111111100000000
0000000111111111111110000000
0000000000000000111110000000
0000000000000000011110000000
0000000000000000011111100000
0000000000000000001111100000
0000000000000000000111110000
0000000000000000000011110000
0000000000000000000000000000
0000000000000000000000000000
0000000000000000000000000000
