0000000000000000000000000000
0000000000000000000000000000
0000000000000000000000000000
0000000000000000000000000000
0000000000000000000000000000
0000000001110000000000000000
0000000001110000000000000000
0000000001110000000011100000
0000000001110000000111100000
0000000001110000000111100000
0000000001110000000111000000
0000000011110000000111000000
0000000011100000001110000000
0000000111011110001110000000
0000000111111111001110000000
0000000111111111101110000000
0000000111111111111110000000
0000000111000001111110000000
0000000000000000111110000000
0000000000000000111100000000
0000000000000000111000000000
0000000000000001111000000000
0000000000000001110000000000
0000000000000011110000000000
0000000000000011100000000000
0000000000000000000000000000
0000000000000000000000000000
0000000000000000000000000000
