0000000000000000000000000000
0000000000000000000000000000
0000000000000000000000000000
0000000000000000000000000000
0000000000000000000000000000
0000000000000000000000000000
0000000000000000111000000000
0000000000000000111000000000
0000000000110000111000000000
0000000001110000111000000000
0000000011110001111000000000
0000000011100001111000000000
0000000011110001110000000000
0000000011111001110000000000
0000000001111111110000000000
0000000000111111110000000000
0000000000011111110000000000
0000000000000011110000000000
0000000000000011100000000000
0000000000000011100000000000
0000000000000011100000000000
0000000000000111000000000000
0000000000000111000000000000
0000000000000111000000000000
0000000000000111000000000000
0000000000000111000000000000
0000000000000000000000000000
0000000000000000000000000000
