0000000000000000000000000000
0000000000000000000000000000
0000000000000000000000000000
0000000000000000000000000000
0000000001110000000000000000
0000000001110000001000000000
0000000011100000011000000000
0000000011100000011000000000
0000000011100000111000000000
0000000011000000110000000000
0000000011000000110000000000
0000000011000000110000000000
0000000011000000110000000000
0000000011000000110000000000
0000000011100000110000000000
0000000011100000111100000000
0000000011110111111100000000
0000000001111111111000000000
0000000000111111110000000000
0000000000000000111000000000
0000000000000000111000000000
0000000000000000111000000000
0000000000000000011100000000
0000000000000000011100000000
0000000000000000000000000000
0000000000000000000000000000
0000000000000000000000000000
0000000000000000000000000000
