0000000000000000000000000000
0000000000000000000000000000
0000000000000000000000000000
0000000000000000000000000000
0000000000000000000000000000
0000000000000000000000000000
0000000000000000001110000000
0000000000111000001110000000
0000000000111000001110000000
0000000001111000011110000000
0000000001111000011100000000
0000000011111100111100000000
0000000111111111111100000000
0000000111111111111000000000
0000000111101111111000000000
0000000000000001110000000000
0000000000000011110000000000
0000000000000011110000000000
0000000000000011100000000000
0000000000000111100000000000
0000000000000111000000000000
0000000000001111000000000000
0000000000001110000000000000
0000000000011110000000000000
0000000000011100000000000000
0000000000011100000000000000
0000000000000000000000000000
0000000000000000000000000000
