0000000000000000000000000000
0000000000000000000000000000
0000000000000000000000000000
0000000000000000000000000000
0000000000000000000000000000
0000000000000000011100000000
0000000000000000111100000000
0000000000000001111100000000
0000000000000001111000000000
0000000011111001111000000000
0000000111111001111000000000
0000000111111001111000000000
0000001111100001111000000000
0000001111110011110000000000
0000001111111111110000000000
0000000111111111110000000000
0000000000111111110000000000
0000000000000111110000000000
0000000000000111110000000000
0000000000000111110000000000
0000000000000011110000000000
0000000000000111110000000000
0000000000000111110000000000
0000000000000111100000000000
0000000000000111100000000000
0000000000000000000000000000
0000000000000000000000000000
0000000000000000000000000000
