0000000000000000000000000000
0000000000000000000000000000
0000000000000000000000000000
0000000000000000000000000000
0000000000000000000000000000
0000000000000000000000000000
0000000000011100000000000000
0000000000011100001000000000
0000000000011100111100000000
0000000000011100111100000000
0000000000011101111000000000
0000000000111101111000000000
0000000000111011111000000000
0000000000111111110000000000
0000000000111111110000000000
0000000000111111110000000000
0000000001111111100000000000
0000000001111011100000000000
0000000000100011100000000000
0000000000000011100000000000
0000000000000011100000000000
0000000000000011100000000000
0000000000000111100000000000
0000000000000111100000000000
0000000000000111100000000000
0000000000000111100000000000
0000000000000000000000000000
0000000000000000000000000000
