0000000000000000000000000000
0000000000000000000000000000
0000000000000000000000000000
0000000000000000000000000000
0000000000000000000000000000
0000000000000000000000000000
0000000000011111001110000000
0000000000011111001110000000
0000000000111111001110000000
0000000000111111011100000000
0000000000011110011100000000
0000000000011110111100000000
0000000000011100111000000000
0000000000111100111000000000
0000000001111001111000000000
0000000001111011111000000000
0000000001111111111000000000
0000000001111111110000000000
0000000000111111100000000000
0000000000000111100000000000
0000000000000111000000000000
0000000000001111000000000000
0000000000001110000000000000
0000000000001111000000000000
0000000000001111000000000000
0000000000001111000000000000
0000000000000000000000000000
0000000000000000000000000000
