0000000000000000000000000000
0000000000000000000000000000
0000000000000000000000000000
0000000000000000000000000000
0000000000000000000000000000
0000000000000000000111000000
0000000000110000000111000000
0000000001110000000111000000
0000000011110000001111000000
0000000111110000001111000000
0000001111100000001111000000
0000011111000000001111000000
0000011111000000000111000000
0001111110000000000111000000
0001111111111111110111000000
0001111111111111111111000000
0001111111111111111111100000
0001111111110011111111100000
0000111000000000000111100000
0000000000000000000111100000
0000000000000000000111100000
0000000000000000000111100000
0000000000000000000111100000
0000000000000000000111100000
0000000000000000000111100000
0000000000000000000000000000
0000000000000000000000000000
0000000000000000000000000000
