0000000000000000000000000000
0000000000000000000000000000
0000000000000000000000000000
0000000000000000000000000000
0000000000000000000000000000
0000000000011001100000000000
0000000000011101110000000000
0000000000011101111000000000
0000000000011101111000000000
0000000000011101111000000000
0000000000011101111000000000
0000000000011101111000000000
0000000000111101111000000000
0000000000111101111100000000
0000000000111001111100000000
0000000001111011111100000000
0000000001111111111100000000
0000000011111111111000000000
0000000011111111111000000000
0000000011111111111000000000
0000000011111001111000000000
0000000001110001111000000000
0000000000000001111000000000
0000000000000001111000000000
0000000000000000111000000000
0000000000000000000000000000
0000000000000000000000000000
0000000000000000000000000000
