0000000000000000000000000000
0000000000000000000000000000
0000000000000000000000000000
0000000000000000000000000000
0000000000000000000000000000
0000000000000000000000000000
0000000000111000011110000000
0000000001111000011110000000
0000000001111000111110000000
0000000001111100111110000000
0000000001111100111110000000
0000000011111000111110000000
0000000111111001111100000000
0000000111111111111110000000
0000000111111111111111000000
0000000111111111111111000000
0000000011111111111111000000
0000000001100111111111000000
0000000000000111111000000000
0000000000000111110000000000
0000000000001111110000000000
0000000000001111100000000000
0000000000001111100000000000
0000000000001111100000000000
0000000000001111000000000000
0000000000001111000000000000
0000000000000000000000000000
0000000000000000000000000000
