0000000000000000000000000000
0000000000000000000000000000
0000000000000000000000000000
0000000000000000000000000000
0000000000000000000000000000
0000000000011100000000000000
0000000000111100000000000000
0000000001111000000000000000
0000000001110000000000000000
0000000011110000000011000000
0000000011110000000111000000
0000000011100000011110000000
0000000011100000111100000000
0000000011100000111100000000
0000000011110001111000000000
0000000011111111111111110000
0000000011111111111111110000
0000000001111111111111100000
0000000000001111100000000000
0000000000001110000000000000
0000000000001110000000000000
0000000000001100000000000000
0000000000001100000000000000
0000000000001100000000000000
0000000000001100000000000000
0000000000000000000000000000
0000000000000000000000000000
0000000000000000000000000000
