0000000000000000000000000000
0000000000000000000000000000
0000000000000000000000000000
0000000000000000000000000000
0000000000000000000000000000
0000000000000000111000000000
0000000000000001110000000000
0000000011000001110000000000
0000000011000001111000000000
0000000111000001111000000000
0000000111000001110000000000
0000000111000011110001111000
0000001111000011111111111000
0000001111000111111111111000
0000001111111111111111110000
0000011111111111111000000000
0000011111111111110000000000
0000011111111011110000000000
0000011111000011110000000000
0000000000000011110000000000
0000000000000011110000000000
0000000000000011110000000000
0000000000000011110000000000
0000000000000011100000000000
0000000000000011100000000000
0000000000000000000000000000
0000000000000000000000000000
0000000000000000000000000000
