0000000000000000000000000000
0000000000000000000000000000
0000000000000000000000000000
0000000000000000000000000000
0000000000000011100000000000
0000000000000111100000000000
0000000000001111000000000000
0000000000011110000000000000
0000000000011110000000000000
0000000000011110000011110000
0000000000111100000111110000
0000000000111000011111100000
0000000001111000111110000000
0000000011110000111100000000
0000000011110001111000000000
0000000011100011110000010000
0000000011111111111001110000
0000000011111111111101100000
0000000011111111111000000000
0000000000001110000000000000
0000000000001110000000000000
0000000000001110000000000000
0000000000001110000000000000
0000000000001110000000000000
0000000000000000000000000000
0000000000000000000000000000
0000000000000000000000000000
0000000000000000000000000000
