0000000000000000000000000000
0000000000000000000000000000
0000000000000000000000000000
0000000000000000000000000000
0000000000000000000000000000
0000000000000000000000000000
0000000001111000000011100000
0000000011111000000011100000
0000000011110000000111100000
0000000011110000001111100000
0000000111110000001111100000
0000000111110000000011100000
0000001111111111111111100000
0000001111111111111111100000
0000011111111111111111100000
0000111111111011111111100000
0000111111110000001111100000
0001111111000000001111100000
0001111110000000001111100000
0001111100000000001111100000
0001111000000000001111100000
0000111000000000001111100000
0000000000000000000111100000
0000000000000000000011100000
0000000000000000000011100000
0000000000000000000011100000
0000000000000000000000000000
0000000000000000000000000000
