0000000000000000000000000000
0000000000000000000000000000
0000000000000000000000000000
0000000000000000000000000000
0000000000000000000000000000
0000000000011100000111100000
0000000000111100001111100000
0000000001111100001111100000
0000000001111100011111100000
0000000011111000011110000000
0000000011110000111110000000
0000000111110000111110000000
0000000111110000111100000000
0000000111110001111111100000
0000000111111111111111100000
0000000111111111111111100000
0000000111111111111111100000
0000000011111111111000000000
0000000000000111111000000000
0000000000000111111000000000
0000000000001111110000000000
0000000000001111110000000000
0000000000011111100000000000
0000000000011111000000000000
0000000000011110000000000000
0000000000000000000000000000
0000000000000000000000000000
0000000000000000000000000000
