0000000000000000000000000000
0000000000000000000000000000
0000000000000000000000000000
0000000000000000000000000000
0000000000000000000000110000
0000000000001110000001110000
0000000000001110000001110000
0000000000001110000001110000
0000000000011110000011110000
0000000000111110000011110000
0000000000111100000111100000
0000000001111100001111000000
0000000011111000011111000000
0000000011111000011110000000
0000000111100000111100000000
0000001111100001111100000000
0000001111111111111000000000
0000001111111111110000000000
0000001111111111110000000000
0000001111110111100000000000
0000000000001111100000000000
0000000000001111000000000000
0000000000001111000000000000
0000000000001111000000000000
0000000000000000000000000000
0000000000000000000000000000
0000000000000000000000000000
0000000000000000000000000000
