0000000000000000000000000000
0000000000000000000000000000
0000000000000000000000000000
0000000000000000000000000000
0000000000000000001110000000
0000000000000000011111000000
0000000000000000011111000000
0000000001100000011110000000
0000000001110000011110000000
0000000001110000111110000000
0000000011110000111100000000
0000000111110000111100000000
0000000111110000111000000000
0000000111100000111000000000
0000001111111111111100000000
0000001111111111111100000000
0000001111111111111110000000
0000000111111111111110000000
0000000000000011110000000000
0000000000000111100000000000
0000000000000111100000000000
0000000000001111100000000000
0000000000001111000000000000
0000000000001111000000000000
0000000000000000000000000000
0000000000000000000000000000
0000000000000000000000000000
0000000000000000000000000000
