0000000000000000000000000000
0000000000000000000000000000
0000000000000000000000000000
0000000000000000000000000000
0000000000000000000000000000
0000000000000111011000000000
0000000000001111011000000000
0000000000011110011000000000
0000000000011110111000000000
0000000000111100111000000000
0000000000111100111000000000
0000000001111100111000000000
0000000001111001111000000000
0000000001111001111000000000
0000000001110001111000000000
0000000001110011111000000000
0000000001111111111000000000
0000000001111111111000000000
0000000001111111111000000000
0000000001111111100000000000
0000000000000111100000000000
0000000000001111100000000000
0000000000001111000000000000
0000000000001111000000000000
0000000000001110000000000000
0000000000000000000000000000
0000000000000000000000000000
0000000000000000000000000000
