0000000000000000000000000000
0000000000000000000000000000
0000000000000000000000000000
0000000000000000000000000000
0000000000000000000000000000
0000000000000000000000000000
0000000000111000011100000000
0000000000111000011100000000
0000000000111000111000000000
0000000000111000111000000000
0000000001111000111000000000
0000000001110000111000000000
0000000011110001111000000000
0000000011100001111000000000
0000000011111111110000000000
0000000011111111110000000000
0000000011111111110000000000
0000000000000001110000000000
0000000000000001110000000000
0000000000000001100000000000
0000000000000011100000000000
0000000000000011100000000000
0000000000000011100000000000
0000000000000011110000000000
0000000000000001110000000000
0000000000000001110000000000
0000000000000000000000000000
0000000000000000000000000000
