0000000000000000000000000000
0000000000000000000000000000
0000000000000000000000000000
0000000000000000000000000000
0000000000000000000001110000
0000000000000000000011110000
0000000000000000000011110000
0000000000000000000111110000
0000000110000000001111110000
0000001111000000001111100000
0000011111100000001111100000
0000111111100000011111000000
0000111111000000011111000000
0000111111000001111111000000
0000111110111111111110000000
0000111111111111111110000000
0000111111111111111100000000
0000011111111111111000000000
0000000111000011111000000000
0000000000000011111000000000
0000000000000111110000000000
0000000000000111110000000000
0000000000000111100000000000
0000000000000111100000000000
0000000000000000000000000000
0000000000000000000000000000
0000000000000000000000000000
0000000000000000000000000000
