0000000000000000000000000000
0000000000000000000000000000
0000000000000000000000000000
0000000000000000000000000000
0000000000000000000000000000
0000000000000000000000000000
0000000000000000000111110000
0000000001110000000111110000
0000000011110000001111110000
0000000011110000001111100000
0000000111110000001111000000
0000000111110000011111000000
0000001111110000111110000000
0000001111111001111110000000
0000001111111111111110000000
0000001111111111111110000000
0000000011111111111100000000
0000000000111111111000000000
0000000000000111110000000000
0000000000001111100000000000
0000000000011111100000000000
0000000000011111000000000000
0000000000011111000000000000
0000000000011110000000000000
0000000000011110000000000000
0000000000011110000000000000
0000000000000000000000000000
0000000000000000000000000000
