0000000000000000000000000000
0000000000000000000000000000
0000000000000000000000000000
0000000000000000000000000000
0000000000000000000000000000
0000000000000000000000011000
0000000000011000000000111000
0000000000111100000000111000
0000000000111000000001111000
0000000001111000000011111000
0000000001111000000011110000
0000000111110000001111100000
0000000111110000001111100000
0000001111100000011111000000
0000011111110000111110000000
0000011111111111111110000000
0000011111111111111100000000
0000011111111111111000000000
0000000000000111111000000000
0000000000000111110000000000
0000000000000111100000000000
0000000000001111100000000000
0000000000001111100000000000
0000000000001111000000000000
0000000000000110000000000000
0000000000000000000000000000
0000000000000000000000000000
0000000000000000000000000000
