0000000000000000000000000000
0000000000000000000000000000
0000000000000000000000000000
0000000000000000000000000000
0000000000000000000000000000
0000000000000000001111000000
0000000000000000001111000000
0000000000111111001110000000
0000000001111111101110000000
0000000011111111111110000000
0000000111110000011110000000
0000011111100000111100000000
0000011111100000111100000000
0000111111110000111100000000
0000011111110000111100000000
0000011001111100111000000000
0000000000111111111000000000
0000000000111111111000000000
0000000000011111111000000000
0000000000000111111000000000
0000000000000001110000000000
0000000000000001110000000000
0000000000000001110000000000
0000000000000001111000000000
0000000000000001111000000000
0000000000000000000000000000
0000000000000000000000000000
0000000000000000000000000000
