0000000000000000000000000000
0000000000000000000000000000
0000000000000000000000000000
0000000000000000000000000000
0000000000000000000000000000
0000000000111000000000000000
0000000000111000001100000000
0000000001111000011100000000
0000000001111000011100000000
0000000011110000111000000000
0000000011100001111000011100
0000000111100001111000111100
0000001111000001111001111000
0000001110000011110111110000
0000001111111111111111100000
0000001111111111111110000000
0000001111111111110000000000
0000000000001111000000000000
0000000000011110000000000000
0000000000011100000000000000
0000000000111100000000000000
0000000001111100000000000000
0000000001111100000000000000
0000000001111000000000000000
0000000001110000000000000000
0000000000000000000000000000
0000000000000000000000000000
0000000000000000000000000000
