0000000000000000000000000000
0000000000000000000000000000
0000000000000000000000000000
0000000000000000000000000000
0000000000000001110000000000
0000000000000011110000000000
0000000000000111100000000000
0000000000001111000000000000
0000000000011110000000000000
0000000000011100001100000000
0000000000111100011100000000
0000000001111000111000000000
0000000001110000111000000000
0000000001110001111000000000
0000000011100001110000000000
0000000011100011110000000000
0000000011100011100000000000
0000000011111111111110000000
0000000001111111111111000000
0000000000111111111110000000
0000000000000111000000000000
0000000000000110000000000000
0000000000000110000000000000
0000000000000110000000000000
0000000000000000000000000000
0000000000000000000000000000
0000000000000000000000000000
0000000000000000000000000000
