0000000000000000000000000000
0000000000000000000000000000
0000000000000000000000000000
0000000000000000000000000000
0000000000000011110000000000
0000000000000011111000000000
0000000000000011111000000000
0000000000000011110000000000
0000000000000011110000000000
0000000011100011110000000000
0000000011100011110000000000
0000000111100011110000000000
0000000111000011110000000000
0000000111000011110000000000
0000001111001111110000000000
0000001111111111110000000000
0000001111111111110000000000
0000000111111111110000000000
0000000000000011111000000000
0000000000000001111000000000
0000000000000001110000000000
0000000000000001111000000000
0000000000000001111000000000
0000000000000001111000000000
0000000000000000000000000000
0000000000000000000000000000
0000000000000000000000000000
0000000000000000000000000000
