0000000000000000000000000000
0000000000000000000000000000
0000000000000000000000000000
0000000000000000000000000000
0000000000000000000000000000
0000000000110000000111110000
0000000011110000000111110000
0000000011111000000111100000
0000000111110000000111100000
0000001111110000001111100000
0000011111100000011111000000
0000011111000000011111000000
0000111110000000111110000000
0000111100000001111110000000
0000111111111111111110000000
0000111111111111111100000000
0000111111111111111100000000
0000000111101001111100000000
0000000000000011111000000000
0000000000000011111000000000
0000000000000011110000000000
0000000000000111110000000000
0000000000000111110000000000
0000000000001111110000000000
0000000000001111100000000000
0000000000000000000000000000
0000000000000000000000000000
0000000000000000000000000000
