0000000000000000000000000000
0000000000000000000000000000
0000000000000000000000000000
0000000000000000000000000000
0000000000000000000000000000
0000000000000111100111000000
0000000000000111101111000000
0000000000000111101110000000
0000000000001111011110000000
0000000000011110011110000000
0000000000011110111100000000
0000000000111100111100000000
0000000000111101111000000000
0000000001111011111000000000
0000000001110111100000000000
0000000011110111101100000000
0000000011110111111100000000
0000000011110111111000000000
0000000011111111111000000000
0000000001111111100000000000
0000000000111111000000000000
0000000000111100000000000000
0000000000111000000000000000
0000000001110000000000000000
0000000001110000000000000000
0000000000000000000000000000
0000000000000000000000000000
0000000000000000000000000000
