0000000000000000000000000000
0000000000000000000000000000
0000000000000000000000000000
0000000000000000000000000000
0000000000000000000111000000
0000000000000000001111000000
0000000000000000001111000000
0000000001100000001111000000
0000000001110000011110000000
0000000001110000011110000000
0000000011110000011110000000
0000000111110000111100000000
0000000111100001111110000000
0000000111100001111110000000
0000001111111111111110000000
0000011111111111111110000000
0000011111111111111110000000
0000001111111111111000000000
0000000000000111100000000000
0000000000001111000000000000
0000000000001111000000000000
0000000000001111000000000000
0000000000001110000000000000
0000000000001110000000000000
0000000000000000000000000000
0000000000000000000000000000
0000000000000000000000000000
0000000000000000000000000000
