0000000000000000000000000000
0000000000000000000000000000
0000000000000000000000000000
0000000000000000000000000000
0000000000000000000111100000
0000000000000000001111000000
0000000000000000011110000000
0000000000000000011110000000
0000000000000000111110000000
0000000000000000111100000000
0000000000111001111100000000
0000000001111011111000000000
0000000011111011110000000000
0000000111110011111100000000
0000000111100111111100000000
0000000111111111111000000000
0000000111111111100000000000
0000000111111111100000000000
0000000000001110000000000000
0000000000011110000000000000
0000000000011110000000000000
0000000000011110000000000000
0000000000011100000000000000
0000000000011100000000000000
0000000000000000000000000000
0000000000000000000000000000
0000000000000000000000000000
0000000000000000000000000000
