0000000000000000000000000000
0000000000000000000000000000
0000000000000000000000000000
0000000000000000000000000000
0000000000000000000000000000
0000000000000000000011100000
0000000000000000000111100000
0000000000000000001111000000
0000000000001110001111000000
0000000000001110011110000000
0000000000011110011110000000
0000000000111110111100000000
0000000000111100111100000000
0000000001111100111100000000
0000000011111001111000000000
0000000111111001110000000000
0000000111111111111100000000
0000000111111111110000000000
0000000000000111100000000000
0000000000000111100000000000
0000000000001111000000000000
0000000000001111000000000000
0000000000011110000000000000
0000000000111110000000000000
0000000000111100000000000000
0000000000000000000000000000
0000000000000000000000000000
0000000000000000000000000000
