0000000000000000000000000000
0000000000000000000000000000
0000000000000000000000000000
0000000000000000000000000000
0000000000000000000000000000
0000000000111000000000000000
0000000000111000011100000000
0000000000111000011100000000
0000000001110000011000000000
0000000001110000111000000000
0000000001110000111000000000
0000000001100000111000000000
0000000001100000111000000000
0000000011100000111000000000
0000000011100001110000000000
0000000011111111110000000000
0000000011111111110000000000
0000000001110001110000000000
0000000000000001110000000000
0000000000000001110000000000
0000000000000011100000000000
0000000000000011100000000000
0000000000000011100000000000
0000000000000011100000000000
0000000000000011100000000000
0000000000000000000000000000
0000000000000000000000000000
0000000000000000000000000000
