0000000000000000000000000000
0000000000000000000000000000
0000000000000000000000000000
0000000000000000000000000000
0000000000000001111000000000
0000000000000001111000000000
0000000000000011111000000000
0000000000000111110000000000
0000000000001111110000000000
0000000000011111110000000000
0000000000111111111000000000
0000000001111111111000000000
0000000011111000111100000000
0000000111111000111100110000
0000001111100000111111110000
0000001111111111111111110000
0000011111111111111111100000
0000011111111111111100000000
0000001111111000011100000000
0000000000000000011100000000
0000000000000000011100000000
0000000000000000011100000000
0000000000000000011100000000
0000000000000000011100000000
0000000000000000000000000000
0000000000000000000000000000
0000000000000000000000000000
0000000000000000000000000000
