0000000000000000000000000000
0000000000000000000000000000
0000000000000000000000000000
0000000000000000000000000000
0000000000000000000000000000
0000000000110000000111000000
0000000001111000000111000000
0000000001111000000111000000
0000000001110000001111000000
0000000001110000001111000000
0000000011110000001111000000
0000000011100000001110000000
0000000111100000011110000000
0000001111000000011110000000
0000001111111111111100000000
0000001111111111111100000000
0000001111111111111100000000
0000001111111111111000000000
0000000000000001111000000000
0000000000000001110000000000
0000000000000001110000000000
0000000000000011110000000000
0000000000000011100000000000
0000000000000011100000000000
0000000000000011100000000000
0000000000000000000000000000
0000000000000000000000000000
0000000000000000000000000000
