0000000000000000000000000000
0000000000000000000000000000
0000000000000000000000000000
0000000000000000000000000000
0000000000000000000000000000
0000000000000000001100000000
0000000000110000001100000000
0000000001111000001100000000
0000000001111000001100000000
0000000001111000011100000000
0000000001111000011100000000
0000000001111000011100000000
0000000001111000011100000000
0000000001111100011100000000
0000000011111100011100000000
0000000011111110011100000000
0000000011111111011100000000
0000000011100111111100000000
0000000111000011111100000000
0000000011000001111100000000
0000000000000000111100000000
0000000000000000111100000000
0000000000000000111100000000
0000000000000000111100000000
0000000000000000111100000000
0000000000000000000000000000
0000000000000000000000000000
0000000000000000000000000000
