0000000000000000000000000000
0000000000000000000000000000
0000000000000000000000000000
0000000000000000000000000000
0000000000000000000000000000
0000000000000000000000000000
0000000000011000000000000000
0000000000011000000000000000
0000000000111000001100000000
0000000000111000011110000000
0000000001110000111100000000
0000000001110001111100000000
0000000001110011111100000000
0000000011100111111100000000
0000000011101111011000000000
0000000011111110011000000000
0000000111111000111000000000
0000000011110000110000000000
0000000000000000110000000000
0000000000000001110000000000
0000000000000001110000000000
0000000000000001100000000000
0000000000000011100000000000
0000000000000011100000000000
0000000000000011100000000000
0000000000000011100000000000
0000000000000000000000000000
0000000000000000000000000000
