0000000000000000000000000000
0000000000000000000000000000
0000000000000000000000000000
0000000000000000000000000000
0000000000000000000000000000
0000000000000000000000000000
0000001100000000011110000000
0000001110000000011110000000
0000011110000000011110000000
0000011110000000011110000000
0000011110000000011100000000
0000011110000000111100000000
0000011110000000011100000000
0000011111111111111100000000
0000011111111111111110000000
0000001111111111111110000000
0000000000000000111000000000
0000000000000001111000000000
0000000000000001111000000000
0000000000000000111000000000
0000000000000000111000000000
0000000000000000111000000000
0000000000000000111000000000
0000000000000000111000000000
0000000000000000111100000000
0000000000000000111100000000
0000000000000000000000000000
0000000000000000000000000000
