0000000000000000000000000000
0000000000000000000000000000
0000000000000000000000000000
0000000000000000000000000000
0000000000000000000000000000
0000000011111000000000000000
0000000011111000000000000000
0000000111111000000000000000
0000000111111000000111000000
0000001111110000001111000000
0000001111110000001111000000
0000001111100000011111000000
0000001111000000011111000000
0000001111100000011111000000
0000001111111111111110000000
0000001111111111111111000000
0000000111111111111111000000
0000000001111111111110000000
0000000000000001111100000000
0000000000000001111100000000
0000000000000001111110000000
0000000000000001111110000000
0000000000000001111110000000
0000000000000001111110000000
0000000000000001111110000000
0000000000000000000000000000
0000000000000000000000000000
0000000000000000000000000000
