0000000000000000000000000000
0000000000000000000000000000
0000000000000000000000000000
0000000000000000000000000000
0000000000000000000000000000
0000000000000000000000000000
0000000000000000001110000000
0000000001110000001110000000
0000000011110000011110000000
0000000011110000011110000000
0000000111110000011110000000
0000000111100001111100000000
0000000111000001111100000000
0000000111111111111100000000
0000000111111111111100000000
0000000111111111111100000000
0000000111111001111100000000
0000000000000001111100000000
0000000000000001111100000000
0000000000000001111000000000
0000000000000001111000000000
0000000000000011111000000000
0000000000000011110000000000
0000000000000011111000000000
0000000000000011111000000000
0000000000000001111000000000
0000000000000000000000000000
0000000000000000000000000000
