0000000000000000000000000000
0000000000000000000000000000
0000000000000000000000000000
0000000000000000000000000000
0000000000000000000000000000
0000000000000000000000000000
0000000001110000000111000000
0000000011110000000111000000
0000000011110000000111000000
0000001111100000000111000000
0000001111000000000111100000
0000011111000000000111100000
0000011110000000000111100000
0000111110000000001111100000
0001111111111111111111100000
0001111111111111111111100000
0001111111111111110111100000
0001111111100000000111100000
0000010000000000000111100000
0000000000000000000111100000
0000000000000000000111100000
0000000000000000000111100000
0000000000000000000111100000
0000000000000000000111100000
0000000000000000000111100000
0000000000000000000011100000
0000000000000000000000000000
0000000000000000000000000000
