0000000000000000000000000000
0000000000000000000000000000
0000000000000000000000000000
0000000000000000000000000000
0000000000000000000000000000
0000000000000110000000011000
0000000000001110000000111000
0000000000011110000001111000
0000000000111110000011110000
0000000000111100000111100000
0000000011111000000111000000
0000000011110000011111000000
0000000111100000011110000000
0000000111111111111100000000
0000000111111111111100000000
0000000111111111111000000000
0000000111111111111000000000
0000000000000111100000000000
0000000000001111100000000000
0000000000001110000000000000
0000000000011110000000000000
0000000000111100000000000000
0000000001111000000000000000
0000000001111000000000000000
0000000001110000000000000000
0000000000000000000000000000
0000000000000000000000000000
0000000000000000000000000000
