0000000000000000000000000000
0000000000000000000000000000
0000000000000000000000000000
0000000000000000000000000000
0000000000000000000000000000
0000000000000000000111100000
0000000000010000000111100000
0000000000111000001111000000
0000000001111000001111000000
0000000001111000001111000000
0000000011110000011111000000
0000000011110000111110000000
0000000111110000111111000000
0000001111100001111101100000
0000011111111001111101110000
0000011111111111111111110000
0000111111111111111111100000
0000011100011111111111100000
0000000000001111111110000000
0000000000001111100000000000
0000000000001111000000000000
0000000000011111000000000000
0000000000111111000000000000
0000000000111110000000000000
0000000000111100000000000000
0000000000000000000000000000
0000000000000000000000000000
0000000000000000000000000000
