0000000000000000000000000000
0000000000000000000000000000
0000000000000000000000000000
0000000000000000000000000000
0000000000000000000000000000
0000000001100000110000000000
0000000001100000110000000000
0000000001100000111000000000
0000000011110000011000000000
0000000011110000011100000000
0000000011100000011100000000
0000000011100000011100000000
0000000011100011111100000000
0000000011111111111100000000
0000000001111111111100000000
0000000001111111111100000000
0000000000111111011100000000
0000000000111100011100000000
0000000000000000011100000000
0000000000000000011100000000
0000000000000000011100000000
0000000000000000011100000000
0000000000000000011100000000
0000000000000000011000000000
0000000000000000011000000000
0000000000000000000000000000
0000000000000000000000000000
0000000000000000000000000000
