0000000000000000000000000000
0000000000000000000000000000
0000000000000000000000000000
0000000000000000000000000000
0000000000000000111000000000
0000001110000000111000000000
0000001110000001111000000000
0000001111000001111100000000
0000001111000001111100000000
0000001111000001111100000000
0000001111000000111100000000
0000001111000000111100000000
0000001111000000111100000000
0000001111000000111100000000
0000001111111111111100000000
0000001111111111111111110000
0000001111111111111111110000
0000001111111111111111110000
0000000111111001111111110000
0000000000000000111110000000
0000000000000000111110000000
0000000000000000111110000000
0000000000000000111110000000
0000000000000000111110000000
0000000000000000000000000000
0000000000000000000000000000
0000000000000000000000000000
0000000000000000000000000000
