0000000000000000000000000000
0000000000000000000000000000
0000000000000000000000000000
0000000000000000000000000000
0000000000000000000000000000
0000000000000001110000000000
0000000011100001110000000000
0000000011000001110000000000
0000000011000001110000000000
0000000011000001110000000000
0000000011000001110000000000
0000000011000001110000000000
0000000011000001110000000000
0000000011000000110000000000
0000000011000000111000000000
0000000011100011111000000000
0000000001101111111000000000
0000000001111111011000000000
0000000001111100011000000000
0000000001111000011000000000
0000000000000000011100000000
0000000000000000011100000000
0000000000000000011100000000
0000000000000000001110000000
0000000000000000001111000000
0000000000000000000000000000
0000000000000000000000000000
0000000000000000000000000000
