0000000000000000000000000000
0000000000000000000000000000
0000000000000000000000000000
0000000000000000000000000000
0000000000000000000000000000
0000000011100000000000100000
0000000111100000000011100000
0000001111000000000111100000
0000001110000000000111000000
0000011110000000000111000000
0000011100000000001111000000
0000011100000000001110000000
0000011100000000011110000000
0000011110000001111110000000
0000011111100111111100000000
0000001111111111111100000000
0000000011111110111000000000
0000000000000000111000000000
0000000000000000111000000000
0000000000000000111000000000
0000000000000000111000000000
0000000000000000111000000000
0000000000000000111000000000
0000000000000000111000000000
0000000000000000111000000000
0000000000000000000000000000
0000000000000000000000000000
0000000000000000000000000000
