0000000000000000000000000000
0000000000000000000000000000
0000000000000000000000000000
0000000000000000000000000000
0000000000000000000000000000
0000000000001110000000000000
0000000000011111001110000000
0000000000011111001110000000
0000000000111111011110000000
0000000001111110111110000000
0000000011111100111100000000
0000000011111001111100000000
0000000011110001111100000000
0000000111110011111000000000
0000001111111111111111000000
0000001111111111111111100000
0000011111111111111111100000
0000011111111111111111100000
0000001110111111111110000000
0000000000001111000000000000
0000000000001111000000000000
0000000000011111000000000000
0000000000011111000000000000
0000000000011110000000000000
0000000000011100000000000000
0000000000000000000000000000
0000000000000000000000000000
0000000000000000000000000000
