0000000000000000000000000000
0000000000000000000000000000
0000000000000000000000000000
0000000000000000000000000000
0000000000000000000000000000
0000000001110000000001100000
0000000011110000000011100000
0000000011110000000111100000
0000000111100000000111100000
0000000111100000001111000000
0000000111000000001111000000
0000001111000000001111000000
0000001110000000001110000000
0000001110000000001110000000
0000001110000000011110000000
0000001111000000011100000000
0000001111100000011100000000
0000000111110001111100000000
0000000011111111111100000000
0000000001111111111100000000
0000000000111100011100000000
0000000000000000011100000000
0000000000000000011100000000
0000000000000000011100000000
0000000000000000011100000000
0000000000000000000000000000
0000000000000000000000000000
0000000000000000000000000000
