0000000000000000000000000000
0000000000000000000000000000
0000000000000000000000000000
0000000000000000000000000000
0000000000000000000000000000
0000000000000000000000011000
0000000000000111000000111000
0000000000000111100001111000
0000000000001111100001110000
0000000000001111000011110000
0000000000111110001111100000
0000000001111100011111100000
0000000011110000011111000000
0000001111100001111111110000
0000011111111111111111110000
0000011111111111111111100000
0000011111111111111111100000
0000011111000111110000000000
0000000000000111100000000000
0000000000011111100000000000
0000000000011110000000000000
0000000000111110000000000000
0000000000111000000000000000
0000000000110000000000000000
0000000000110000000000000000
0000000000000000000000000000
0000000000000000000000000000
0000000000000000000000000000
