0000000000000000000000000000
0000000000000000000000000000
0000000000000000000000000000
0000000000000000000000000000
0000000000000000000000000000
0000000000000110000000011000
0000000000001111000000011000
0000000000011111000000111000
0000000000011110000000111000
0000000000111110000001111000
0000000000111100000011111000
0000000001111100000111110000
0000000011111000000111100000
0000000111110111101111100000
0000000111111111101111000000
0000001111111111111111000000
0000011111111111111110000000
0000011111111101111100000000
0000011111110011111000000000
0000011111000111111000000000
0000000000001111100000000000
0000000000001111100000000000
0000000000011111100000000000
0000000000011110000000000000
0000000000011110000000000000
0000000000000000000000000000
0000000000000000000000000000
0000000000000000000000000000
