0000000000000000000000000000
0000000000000000000000000000
0000000000000000000000000000
0000000000000000000000000000
0000000000000000000000000000
0000000001100000000111000000
0000000011110000001111000000
0000000011110000001111000000
0000000011110000001111000000
0000000011110000011110000000
0000000111100000111110000000
0000000111100000111100000000
0000000111100001111100000000
0000000111000011111000000000
0000000111110011110000000000
0000001111111111111111100000
0000001111111111111111111100
0000000111111111111111111100
0000000111111111111111110000
0000000000000111000000000000
0000000000001111000000000000
0000000000001110000000000000
0000000000001110000000000000
0000000000001110000000000000
0000000000001110000000000000
0000000000000000000000000000
0000000000000000000000000000
0000000000000000000000000000
