0000000000000000000000000000
0000000000000000000000000000
0000000000000000000000000000
0000000000000000000000000000
0000000000000000000000000000
0000000000000000000001111000
0000000000000000000011111000
0000000000111000000111111000
0000000001111000001111110000
0000000011111000011111110000
0000000111110000111111000000
0000001111110001111111000000
0000011111100011111100000000
0000011111000111111100000000
0000011111000111111111100000
0000011111111111111111111000
0000011111111111111111111000
0000011111111111111111111000
0000011111111111111111111000
0000000011111110000001111000
0000000011111110000000000000
0000000011111110000000000000
0000000011111000000000000000
0000000011111000000000000000
0000000011110000000000000000
0000000000000000000000000000
0000000000000000000000000000
0000000000000000000000000000
