0000000000000000000000000000
0000000000000000000000000000
0000000000000000000000000000
0000000000000000000000000000
0000000000000000000000000000
0000000000000111100000000000
0000000000000111110000000000
0000000000001111111110000000
0000011000001111011111000000
0000111100001111011111000000
0000111100000111111110000000
0000011110000111111100000000
0000011110000111111000000000
0000011111100111111000000000
0000011111101111110000000000
0000001111111111110000000000
0000001111111111110000000000
0000000111111011110000000000
0000000011111011110000000000
0000000000000011110000000000
0000000000000001111000000000
0000000000000001111101100000
0000000000000001111111100000
0000000000000001111111100000
0000000000000000011111000000
0000000000000000000000000000
0000000000000000000000000000
0000000000000000000000000000
