0000000000000000000000000000
0000000000000000000000000000
0000000000000000000000000000
0000000000000000000000000000
0000000000000000000000000000
0000000000000000000011100000
0000000000000000000011100000
0000000001110000000111100000
0000000001110000000111000000
0000000001110000001111000000
0000000011100000011110000000
0000000011100000011100000000
0000000111100000111100000000
0000000111000000111000000000
0000000111000000111000000000
0000000111100111111000000000
0000000111111111110000000000
0000000111111111100000000000
0000000000000111100000000000
0000000000000111100000000000
0000000000001111000000000000
0000000000001110000000000000
0000000000001110000000000000
0000000000011100000000000000
0000000000011100000000000000
0000000000000000000000000000
0000000000000000000000000000
0000000000000000000000000000
