0000000000000000000000000000
0000000000000000000000000000
0000000000000000000000000000
0000000000000000000000000000
0000000000000000000000000000
0000000000000111100000000000
0000000000001111100000000000
0000000000111111101110000000
0000000000111111001110000000
0000000011111110011110000000
0000000011111100011110000000
0000001111111000011110000000
0000011111111000111100000000
0000011111111111111100000000
0000011111111111111100000000
0000001111111111111110000000
0000000111111111111111000000
0000000000000001111111000000
0000000000000001111111000000
0000000000000011111110000000
0000000000000011110000000000
0000000000000011110000000000
0000000000000011110000000000
0000000000000011110000000000
0000000000000001110000000000
0000000000000000000000000000
0000000000000000000000000000
0000000000000000000000000000
