0000000000000000000000000000
0000000000000000000000000000
0000000000000000000000000000
0000000000000000000000000000
0000000000000000000000000000
0000000000000000000000000000
0000000000000000000110000000
0000000111000000011110000000
0000001111100000111110000000
0000001111100000111100000000
0000001111000000111100000000
0000001111000000111100000000
0000001110000000111100000000
0000001110000000111000111100
0000001110000000110011111100
0000001111000000111111111000
0000001111111111111111100000
0000001111111111111100000000
0000000011111111110000000000
0000000000111101110000000000
0000000000000001110000000000
0000000000000001110000000000
0000000000000001110000000000
0000000000000001100000000000
0000000000000001100000000000
0000000000000000000000000000
0000000000000000000000000000
0000000000000000000000000000
