0000000000000000000000000000
0000000000000000000000000000
0000000000000000000000000000
0000000000000000000000000000
0000000000000000000000000000
0000000000000000000000000000
0000000000011100001100000000
0000000000111110011100000000
0000000001111110011100000000
0000000011111000011100000000
0000000011110000111100000000
0000000011100000111100000000
0000000011100000111100000000
0000000011100000111100000000
0000000011110000111000000000
0000000011111000111000000000
0000000011111111111000000000
0000000001111111111000000000
0000000000001111110000000000
0000000000000111100000000000
0000000000000111100000000000
0000000000000111100000000000
0000000000000111000000000000
0000000000000111000000000000
0000000000000111000000000000
0000000000000111000000000000
0000000000000000000000000000
0000000000000000000000000000
