0000000000000000000000000000
0000000000000000000000000000
0000000000000000000000000000
0000000000000000000000000000
0000000000000000000000000000
0000000000000000111000000000
0000000000000001111000000000
0000000000000001110000000000
0000000000000001110000000000
0000000001100001110000000000
0000000011100011110100000000
0000000011100011101100000000
0000000011100011111100000000
0000000011100011111000000000
0000000011100011110000000000
0000000011111111100000000000
0000000011111111100000000000
0000000011111111100000000000
0000000000000011100000000000
0000000000000011100000000000
0000000000000011000000000000
0000000000000011000000000000
0000000000000011000000000000
0000000000000011000000000000
0000000000000011000000000000
0000000000000000000000000000
0000000000000000000000000000
0000000000000000000000000000
