0000000000000000000000000000
0000000000000000000000000000
0000000000000000000000000000
0000000000000000000000000000
0000000000000000000000000000
0000000001110000000000000000
0000000011110000000000000000
0000000011110000000011000000
0000000111100000000111000000
0000001111000000001111000000
0000001111000000001110000000
0000001111000000001100000000
0000001111000000011100000000
0000000111110000011100000000
0000000111111111111110000000
0000000011111111111110000000
0000000000111111111100000000
0000000000000000111000000000
0000000000000000111100000000
0000000000000000111000000000
0000000000000000111000000000
0000000000000000111000000000
0000000000000000111000000000
0000000000000000111000000000
0000000000000000110000000000
0000000000000000000000000000
0000000000000000000000000000
0000000000000000000000000000
