0000000000000000000000000000
0000000000000000000000000000
0000000000000000000000000000
0000000000000000000000000000
0000000000000000000000000000
0000000000000001111110000000
0000000000000011111110000000
0000000000000111111110000000
0000000000001111111110000000
0000000000011111111110000000
0000000001111101101110000000
0000000001111000001110000000
0000000111110000011110000000
0000001111100000011100000000
0000011111000000011100000000
0000111111111111111100000000
0011111111111111111111000000
0011111111111111111111000000
0011110000000000111000000000
0000000000000001111000000000
0000000000000001110000000000
0000000000000011110000000000
0000000000000011100000000000
0000000000000111100000000000
0000000000000111100000000000
0000000000000000000000000000
0000000000000000000000000000
0000000000000000000000000000
