0000000000000000000000000000
0000000000000000000000000000
0000000000000000000000000000
0000000000000000000000000000
0000000000000000000000000000
0000000000111100000001111000
0000000000111100000001111000
0000000001111000000001111000
0000000001111000000011111000
0000000011111000000011100000
0000000011110000000111100000
0000000111100000001111100000
0000001111100000011111000000
0000001111111111111110000000
0000011111111111111110000000
0000011111111111111110000000
0000011111111111111110000000
0000001111100011111000000000
0000000000000111110000000000
0000000000000111100000000000
0000000000001111110000000000
0000000000011111111000000000
0000000000011111110000000000
0000000000111111100000000000
0000000000111110000000000000
0000000000000000000000000000
0000000000000000000000000000
0000000000000000000000000000
