0000000000000000000000000000
0000000000000000000000000000
0000000000000000000000000000
0000000000000000000000000000
0000000000000000000000000000
0000000000011100000000000000
0000000000011100000000000000
0000000000011100000000000000
0000000000111100000000000000
0000000000111100011100000000
0000000000111100011100000000
0000000000111100011100000000
0000000000111000011100000000
0000000001111000111100000000
0000000001111000111111000000
0000000001111111111111000000
0000000001111111111111000000
0000000000111111111100000000
0000000000011111111000000000
0000000000000000111000000000
0000000000000000111000000000
0000000000000000111000000000
0000000000000000111000000000
0000000000000000011000000000
0000000000000000011000000000
0000000000000000000000000000
0000000000000000000000000000
0000000000000000000000000000
