0000000000000000000000000000
0000000000000000000000000000
0000000000000000000000000000
0000000000000000000000000000
0000000000000000000000000000
0000000000000000001100000000
0000000000100000011100000000
0000000001110000011100000000
0000000001110000011100000000
0000000001110000111100000000
0000000001110000111000000000
0000000011100000111000000000
0000000011111111111000000000
0000000011111111110000000000
0000000111111111110000000000
0000000011111111110000000000
0000000000000011100000000000
0000000000000011100000000000
0000000000000011100000000000
0000000000000111000000000000
0000000000000111000000000000
0000000000000111000000000000
0000000000001111000000000000
0000000000001110000000000000
0000000000001110000000000000
0000000000000000000000000000
0000000000000000000000000000
0000000000000000000000000000
