0000000000000000000000000000
0000000000000000000000000000
0000000000000000000000000000
0000000000000000000000000000
0000000000000000000000000000
0000000001111000000000000000
0000000001111000000000000000
0000001111111000000001110000
0000001111100000000011110000
0000001111100000000111110000
0000001111000000000111100000
0000011110000000011111000000
0000011110000000011111000000
0000111110000000011111000000
0000011110001111111111000000
0000011111111111111111000000
0000011111111111111111000000
0000001111111111111110000000
0000001111111001111100000000
0000000000000001111100000000
0000000000000001111100000000
0000000000000001111100000000
0000000000000001111100000000
0000000000000001111000000000
0000000000000001111000000000
0000000000000000000000000000
0000000000000000000000000000
0000000000000000000000000000
