0000000000000000000000000000
0000000000000000000000000000
0000000000000000000000000000
0000000000000000000000000000
0000000000000000000000000000
0000000001110000000000000000
0000000001111000001110000000
0000000001111000011110000000
0000000001110000111100000000
0000000001110000111000000000
0000000001110000110000000000
0000000001110001110110000000
0000000001110001111110000000
0000000001110011111100000000
0000000001110011111000000000
0000000001100011110000000000
0000000001111111100000000000
0000000001111111000000000000
0000000000111110000000000000
0000000000000110000000000000
0000000000000110000000000000
0000000000000110100000000000
0000000000000111100000000000
0000000000000111100000000000
0000000000000111100000000000
0000000000000000000000000000
0000000000000000000000000000
0000000000000000000000000000
