0000000000000000000000000000
0000000000000000000000000000
0000000000000000000000000000
0000000000000000000000000000
0000000000000000000011110000
0000000000000000000111100000
0000000000000000001111000000
0000000000000000001111000000
0000000000001100011110000000
0000000000111100111110000000
0000000000111100111100000000
0000000001111101111000000000
0000000001111001110000000000
0000000011111111110000000000
0000000001111111111000000000
0000000001111111111110000000
0000000000001111111110000000
0000000000011111000000000000
0000000000011111000000000000
0000000000111100000000000000
0000000001111100000000000000
0000000001111000000000000000
0000000011111000000000000000
0000000011110000000000000000
0000000000000000000000000000
0000000000000000000000000000
0000000000000000000000000000
0000000000000000000000000000
