0000000000000000000000000000
0000000000000000000000000000
0000000000000000000000000000
0000000000000000000000000000
0000000000000000000000000000
0000000000000000000011100000
0000000000001111000111100000
0000000000001111000111100000
0000000000011111101111000000
0000000000011111111110000000
0000000000111100011110000000
0000000000111000111100000000
0000000011111000111100000000
0000000011110001111000000000
0000000111110011111000000000
0000000111001111110000000000
0000000111111111110000000000
0000001111111111110000000000
0000001111111111100000000000
0000000111110111100000000000
0000000000000111000000000000
0000000000000111000000000000
0000000000001111000000000000
0000000000001110000000000000
0000000000001110000000000000
0000000000000000000000000000
0000000000000000000000000000
0000000000000000000000000000
