0000000000000000000000000000
0000000000000000000000000000
0000000000000000000000000000
0000000000000000000000000000
0000000000000000000000000000
0000000000000000000001110000
0000000000000000000011110000
0000000000000000000011110000
0000000000000000000111100000
0000000000001110001111000000
0000000000011110011111000000
0000000000011110011110000000
0000000001111101111110000000
0000000011111001111000000000
0000000011111011111000000000
0000000111111111111100000000
0000000111111111111100000000
0000000111111111111100000000
0000000001111110000000000000
0000000011111100000000000000
0000000111111000000000000000
0000001111100000000000000000
0000001110000000000000000000
0000001110000000000000000000
0000001110000000000000000000
0000000000000000000000000000
0000000000000000000000000000
0000000000000000000000000000
