0000000000000000000000000000
0000000000000000000000000000
0000000000000000000000000000
0000000000000000000000000000
0000000000000000000000000000
0000000000111000011110000000
0000000001111000011111000000
0000000001111000011111000000
0000000011111000011111000000
0000000011110000011111000000
0000000111110000011111000000
0000001111100111111111000000
0000001111101111111111000000
0000011111111111111111000000
0000111111111111111111000000
0000111111111111111111000000
0000111111111000011111000000
0000111111100000011111000000
0000111110000000011111000000
0000111110000000111111000000
0000000000000000111111000000
0000000000000000111111000000
0000000000000000011111000000
0000000000000000011110000000
0000000000000000011110000000
0000000000000000000000000000
0000000000000000000000000000
0000000000000000000000000000
