0000000000000000000000000000
0000000000000000000000000000
0000000000000000000000000000
0000000000000000000000000000
0000000000000000000000000000
0000000001100000000011000000
0000000011100000000011000000
0000000011100000000111000000
0000000111100000000111000000
0000000111000000001111000000
0000000111000000001110000000
0000000111000000001110000000
0000001111000000001110000000
0000001111000000001100000000
0000001111111000011100000000
0000001111111111111110000000
0000001111111111111111110000
0000001111111111111111110000
0000000011110111111111000000
0000000000000000111000000000
0000000000000001111000000000
0000000000000001111000000000
0000000000000001111000000000
0000000000000001111000000000
0000000000000001110000000000
0000000000000000000000000000
0000000000000000000000000000
0000000000000000000000000000
