0000000000000000000000000000
0000000000000000000000000000
0000000000000000000000000000
0000000000000000000000000000
0000000000000000000011100000
0000000000000000000111100000
0000000000000000000111000000
0000000000000000001111000000
0000000000000000001110000000
0000000000000000011110000000
0000000001100000111100000000
0000000111100000111000000000
0000001111100001111000000000
0000011111000001111000000000
0000011111111111110000000000
0000011111111111111000000000
0000000000011111111000000000
0000000000001111111000000000
0000000000001111000000000000
0000000000001110000000000000
0000000000011100000000000000
0000000000011100000000000000
0000000000111100000000000000
0000000000111000000000000000
0000000000000000000000000000
0000000000000000000000000000
0000000000000000000000000000
0000000000000000000000000000
