0000000000000000000000000000
0000000000000000000000000000
0000000000000000000000000000
0000000000000000000000000000
0000000000000000000000000000
0000000000000000000001110000
0000000000000000000011110000
0000000000001110000111100000
0000000000011110001111000000
0000000001111110011110000000
0000000011110100111100000000
0000000011100000111000000000
0000000111100001110000000000
0000001110000011100000000000
0000001110000011100110000000
0000001111111111111111100000
0000000111111111111111100000
0000000000001111000000000000
0000000000001110000000000000
0000000000011100000000000000
0000000000011100000000000000
0000000001111000000000000000
0000000001110000000000000000
0000000011110000000000000000
0000000011100000000000000000
0000000000000000000000000000
0000000000000000000000000000
0000000000000000000000000000
