0000000000000000000000000000
0000000000000000000000000000
0000000000000000000000000000
0000000000000000000000000000
0000000000000000000001110000
0000000000000111000011110000
0000000000000111000011110000
0000000000001111000111100000
0000000000011111000111100000
0000000000111110001111000000
0000000001111100001111000000
0000000011111000011111000000
0000000111110000111110000000
0000001111110000111110000000
0000111111111110111101100000
0000111111111111111101100000
0000111111111111111111100000
0000111000000111111111000000
0000000000000011111110000000
0000000000000011111000000000
0000000000000111110000000000
0000000000000111100000000000
0000000000000111100000000000
0000000000000111100000000000
0000000000000000000000000000
0000000000000000000000000000
0000000000000000000000000000
0000000000000000000000000000
