0000000000000000000000000000
0000000000000000000000000000
0000000000000000000000000000
0000000000000000000000000000
0000000000000000000000000000
0000000000000000000000000000
0000000111000000011100000000
0000000111100000111100000000
0000000111100000111100000000
0000000111100000111100000000
0000000111100000111100000000
0000000111100000111000000000
0000000111000000111000000000
0000001111100111111000000000
0000000111111111111110000000
0000000111111111111111000000
0000000111111101111110000000
0000000000000001110000000000
0000000000000001110000000000
0000000000000011110000000000
0000000000000011110000000000
0000000000000011110000000000
0000000000000111100000000000
0000000000000111100000000000
0000000000000111100000000000
0000000000000011100000000000
0000000000000000000000000000
0000000000000000000000000000
