0000000000000000000000000000
0000000000000000000000000000
0000000000000000000000000000
0000000000000000000000000000
0000000000000000000000000000
0000000000000000000000000000
0000000000000000000000000000
0000000000000000000001100000
0000000000000000000011100000
0001100000000100000111100000
0001100000001100000111000000
0001100000011100001110000000
0001100000011000001110000000
0000000000111000011100000000
0000000001110000011000000000
0000000001110000111000000000
0000000001111111111111000000
0000000000111111111110000000
0000000000000011100000000000
0000000000000011000000000000
0000000000000011000000000000
0000000000000011000000000000
0000000000000011000000000000
0000000000000000000000000000
0000000000000000000000000000
0000000000000000000000000000
0000000000000000000000000000
0000000000000000000000000000
