0000000000000000000000000000
0000000000000000000000000000
0000000000000000000000000000
0000000000000000000000000000
0000000000111000000001110000
0000000000111100000001110000
0000000000111100000011110000
0000000000111100000011110000
0000000000111000000011100000
0000000001111000001111100000
0000000001111000001111000000
0000000011111000011111000000
0000000011110000111110000000
0000000111110000111100000000
0000000111111111111111000000
0000001111111111111111100000
0000001111111111111111100000
0000001111111111111111100000
0000001111110011110000000000
0000000000000111100000000000
0000000000001111100000000000
0000000000011111100000000000
0000000000011111000000000000
0000000000011111000000000000
0000000000000000000000000000
0000000000000000000000000000
0000000000000000000000000000
0000000000000000000000000000
