0000000000000000000000000000
0000000000000000000000000000
0000000000000000000000000000
0000000000000000000000000000
0000000000000000000001100000
0000000000000000000011100000
0000000000000000000111100000
0000000000000111000111100000
0000000000000111000111000000
0000000000011111001111000000
0000000001111100001110000000
0000000011111000011110000000
0000000111110000011100000000
0000001111100000111100000000
0000111111000000111100000000
0001111111111000111000000000
0001111111111111111111000000
0001111111111111111111000000
0000000000000111110110000000
0000000000000111100000000000
0000000000001111000000000000
0000000000001111000000000000
0000000000000000000000000000
0000000000000000000000000000
0000000000000000000000000000
0000000000000000000000000000
0000000000000000000000000000
0000000000000000000000000000
