0000000000000000000000000000
0000000000000000000000000000
0000000000000000000000000000
0000000000000000000000000000
0000000000000000000000000000
0000000000000000000111000000
0000000000001000000111000000
0000000000011100000111000000
0000000000011100001111000000
0000000000011100011110000000
0000000000111100011110000000
0000000000111000011100000000
0000000001111000111100000000
0000000011111000111100000000
0000000011111001111000000000
0000000011111111111000000000
0000000011111111110000000000
0000000011111111110000000000
0000000001111111100000000000
0000000000000111100000000000
0000000000001111000000000000
0000000000001111000000000000
0000000000001111000000000000
0000000000001110000000000000
0000000000001110000000000000
0000000000000000000000000000
0000000000000000000000000000
0000000000000000000000000000
