0000000000000000000000000000
0000000000000000000000000000
0000000000000000000000000000
0000000000000000000000000000
0000000000000000000000011000
0000000000000000000000111000
0000000000001100000001111000
0000000000001100000001111000
0000000000011100000011110000
0000000000011100000111110000
0000000000111100001111100000
0000000000111100001111000000
0000000011111000011110000000
0000000111111000111110000000
0000000111111111111100000000
0000000111111111111100000000
0000000111111111111000000000
0000000111111111110000000000
0000000000011111100000000000
0000000000001111100000000000
0000000000011111000000000000
0000000000111110000000000000
0000000000111100000000000000
0000000000111100000000000000
0000000000000000000000000000
0000000000000000000000000000
0000000000000000000000000000
0000000000000000000000000000
