0000000000000000000000000000
0000000000000000000000000000
0000000000000000000000000000
0000000000000000000000000000
0000000000000000000000000000
0000000000000011110000000000
0000000000000111111000000000
0000000000011111110000000000
0000000000011111100001110000
0000000000111110000011110000
0000000001111110000111110000
0000000111111000001111110000
0000001111111110001111100000
0000001111111111011110000000
0000011111111111111110000000
0000011100001111111100000000
0000000000000111111100000000
0000000000000011111000000000
0000000000000111111000000000
0000000000011111100000000000
0000000000011111000000000000
0000000000111110000000000000
0000000001111110000000000000
0000000011111100000000000000
0000000011111000000000000000
0000000000000000000000000000
0000000000000000000000000000
0000000000000000000000000000
