0000000000000000000000000000
0000000000000000000000000000
0000000000000000000000000000
0000000000000000000000000000
0000000000000000000000000000
0000000000000000000000111000
0000000000000000000000111000
0000000000111000000000111000
0000000000111000000001111000
0000000000111000000011110000
0000000001111000000111110000
0000000001111000000111100000
0000000011110000001111000000
0000000011110000011111000000
0000000111100000011110000000
0000000111100000111100000000
0000001111000001111100000000
0000011111000111111000000000
0000011110011111110000000000
0000011111111111110000000000
0000011111111111100000000000
0000000000000000000000000000
0000000000000000000000000000
0000000000000000000000000000
0000000000000000000000000000
0000000000000000000000000000
0000000000000000000000000000
0000000000000000000000000000
