0000000000000000000000000000
0000000000000000000000000000
0000000000000000000000000000
0000000000000000000000000000
0000000000000000000000000000
0000000000000000000000000000
0000001111000000000000000000
0000001111000011110000000000
0000001111000011110000000000
0000001111000001110000000000
0000001111100001111000000000
0000000111100000111100000000
0000000111100001111100000000
0000000111111111111100000000
0000000111111111111100000000
0000000011111111111100000000
0000000011111100111100000000
0000000000000000111100000000
0000000000000000111100000000
0000000000000000111100000000
0000000000000000111100000000
0000000000000000111100000000
0000000000000000111100000000
0000000000000000111100000000
0000000000000000111100000000
0000000000000000111100000000
0000000000000000000000000000
0000000000000000000000000000
