0000000000000000000000000000
0000000000000000000000000000
0000000000000000000000000000
0000000000000000000000000000
0000000000000000000000000000
0000000000000000000000000000
0000000000000000000001110000
0000000000000100000111110000
0000000111111110000111100000
0000000111111110001111100000
0000001111111110011111000000
0000001111100000011110000000
0000001110000000111110000000
0000001111000000111110000000
0000001111100001111111100000
0000001111111111111111100000
0000000111111111111111000000
0000000011111111111100000000
0000000000000111110000000000
0000000000000111100000000000
0000000000001111100000000000
0000000000001111000000000000
0000000000011111000000000000
0000000000011111000000000000
0000000000011110000000000000
0000000000011110000000000000
0000000000000000000000000000
0000000000000000000000000000
