0000000000000000000000000000
0000000000000000000000000000
0000000000000000000000000000
0000000000000000000000000000
0000000000000000000000000000
0000000000000000000000000000
0000000000000111110001110000
0000000000000111110011110000
0000000000001111100111110000
0000000000011111101111110000
0000000000011111001111100000
0000000000111110011111000000
0000000001111111111111000000
0000000011111111111110000000
0000000111111111111100000000
0000001111111111111000000000
0000001111111111111000000000
0000011111111111110000000000
0000011111101111100000000000
0000001111011111100000000000
0000000000011110000000000000
0000000000011110000000000000
0000000000011100000000000000
0000000000111100000000000000
0000000000111100000000000000
0000000000111000000000000000
0000000000000000000000000000
0000000000000000000000000000
