0000000000000000000000000000
0000000000000000000000000000
0000000000000000000000000000
0000000000000000000000000000
0000000000000000000000001100
0000000000000000000111111100
0000000000000000111111111100
0000000000000001111111000000
0000000000001111111000000000
0000000000011111100000000000
0000000000111111100000000000
0000000000111111111000000000
0000000001111100111111000000
0000000000000000011111000000
0000000000000000011100000000
0000000000000000011100000000
0000001111000000111100000000
0000001111100000111000000000
0000001111111011111000000000
0000001111111111110000000000
0000001111111111100000000000
0000000011111111000000000000
0000000000000000000000000000
0000000000000000000000000000
0000000000000000000000000000
0000000000000000000000000000
0000000000000000000000000000
0000000000000000000000000000
