0000000000000000000000000000
0000000000000000000000000000
0000000000000000000000000000
0000000000000000000000000000
0000000000000000000000000000
0000000000000111111110000000
0000000000011111111110000000
0000001111111111111100000000
0000001111111111000000000000
0000000111100000000000000000
0000000011100000000000000000
0000000011000011111100000000
0000000011101111111100000000
0000000011111111001110000000
0000000001111100001110000000
0000000000000000000110000000
0000000000000000000110000000
0000000000000000001111000000
0000000000000000001110000000
0000000000000000001110000000
0000000010000000001110000000
0000000111100000111100000000
0000000111111001111100000000
0000000001111111110000000000
0000000000111111100000000000
0000000000000000000000000000
0000000000000000000000000000
0000000000000000000000000000
