0000000000000000000000000000
0000000000000000000000000000
0000000000000000000000000000
0000000000000000000000000000
0000000000000000000000000000
0000000000000001100001111100
0000000000000111111111111100
0000000000001111111111111100
0000000000011111111111110000
0000000000111100000000000000
0000000000111110000000000000
0000000001111111100000000000
0000000000111111110000000000
0000000000000111110000000000
0000000000000000111000000000
0000000000000000111100000000
0000000111000000111100000000
0000001111111111111100000000
0000001111111111111100000000
0000001111111111111100000000
0000001111111111111000000000
0000001111111111110000000000
0000000011111110000000000000
0000000000000000000000000000
0000000000000000000000000000
0000000000000000000000000000
0000000000000000000000000000
0000000000000000000000000000
