0000000000000000000000000000
0000000000000000000000000000
0000000000000000000000000000
0000000000000000000000000000
0000000000000000000000000000
0000000001111101111110000000
0000000001111111111111000000
0000000011111111111110000000
0000000111111111111110000000
0000000111101110001100000000
0000000111101111100000000000
0000000111111111111000000000
0000000111111111111100000000
0000000111111111111110000000
0000000111111111111110000000
0000000111100000011111000000
0000000111100000001111000000
0000000000000000001111000000
0000000000000000001111100000
0000000000000000000111100000
0000000000000000001111000000
0000000001111110111111000000
0000000001111111111110000000
0000000000111111111100000000
0000000000001111111000000000
0000000000000000000000000000
0000000000000000000000000000
0000000000000000000000000000
