0000000000000000000000000000
0000000000000000000000000000
0000000000000000000000000000
0000000000000000001111100000
0000000000000000001111100000
0000000000000000111111100000
0000000000000011111111100000
0000000000001111111111000000
0000000000011111111000000000
0000000000111111110000000000
0000000001111100000000000000
0000000001111100000000000000
0000000011111100000000000000
0000000011111111100000000000
0000000011111111110000000000
0000000001111111111000000000
0000000000000011111000000000
0000011100000011111000000000
0000011110000011111000000000
0000011111101111111000000000
0000011111111111110000000000
0000000111111111110000000000
0000000011111111100000000000
0000000000000000000000000000
0000000000000000000000000000
0000000000000000000000000000
0000000000000000000000000000
0000000000000000000000000000
