0000000000000000000000000000
0000000000000000000000000000
0000000000000000000000000000
0000000000000000000000000000
0000000001110001111100000000
0000000001111111111100000000
0000000001111111111000000000
0000000001111110000000000000
0000000011110000000000000000
0000000011110000000000000000
0000000011110001111100000000
0000000011111111111111000000
0000000001111111111111000000
0000000001111111000111100000
0000000001111100000011100000
0000000001111000000011100000
0000000001110000000011100000
0000000000000000000011100000
0000000000000000000011100000
0000000111000000000111100000
0000000111000000000111100000
0000000111111111111111100000
0000000111111111111111000000
0000000001111111111100000000
0000000000000000000000000000
0000000000000000000000000000
0000000000000000000000000000
0000000000000000000000000000
