0000000000000000000000000000
0000000000000000000000000000
0000000000000000000000000000
0000000000000000000000000000
0000000000000000000000000000
0000000000000000000000000000
0000000000000000000000000000
0000000000000000000000000000
0000000000000011111111000000
0000000000000011111111111100
0000000000000011111111111100
0000000000011110000000010000
0000000000111100000000000000
0000000001111100000000000000
0000000001111000000000000000
0000000001111100000000000000
0000000000111110000000000000
0000000000001111000000000000
0000001100001111000000000000
0000001111111111000000000000
0000001111111110000000000000
0000000011110000000000000000
0000000000000000000000000000
0000000000000000000000000000
0000000000000000000000000000
0000000000000000000000000000
0000000000000000000000000000
0000000000000000000000000000
