0000000000000000000000000000
0000000000000000000000000000
0000000000000000000000000000
0000000000000000000000000000
0000000000000000000000000000
0000000000000000000000000000
0000000000000000001000000000
0000000000111111111111111100
0000000001111111111111111110
0000000011111111111111111110
0000000011111111111111111100
0000000111111111000000000000
0000000111111000000000000000
0000000011111100000000000000
0000000011111110000000000000
0000000011111111100000000000
0000000000011111111000000000
0000000000000111111000000000
0000000000011111111000000000
0000000001111111111000000000
0000000011111111111000000000
0000000111111111110000000000
0000000111111111000000000000
0000000111111110000000000000
0000000111110000000000000000
0000000000000000000000000000
0000000000000000000000000000
0000000000000000000000000000
