0000000000000000000000000000
0000000000000000000000000000
0000000000000000000000000000
0000000000000000000000000000
0000000000000000000000000000
0000000000001111000000000000
0000000000011111111000000000
0000000000011111111111100000
0000000000111111111111110000
0000000000111100011111110000
0000000001111100000001110000
0000000001111000000000000000
0000000011111000000000000000
0000000011110000000000000000
0000000011110000000000000000
0000000011111100000000000000
0000000011111111000000000000
0000000000111111110000000000
0000000000000111111000000000
0000000000000011111100000000
0000000000000001111110000000
0000000000000000111110000000
0000000001110000111110000000
0000000001111111111100000000
0000000001111111111100000000
0000000000000000000000000000
0000000000000000000000000000
0000000000000000000000000000
