0000000000000000000000000000
0000000000000000000000000000
0000000000000000000000000000
0000000000000000000000000000
0000000011111111111100000000
0000000011111111111110000000
0000000011111111111110000000
0000000011100001110000000000
0000000011100000000000000000
0000000001100000000000000000
0000000001111111000000000000
0000000001111111110000000000
0000000001111111110000000000
0000000000110001111000000000
0000000000000000111100000000
0000000000000000011110000000
0000011110000000011111100000
0000000110000000001111000000
0000000111000000000111000000
0000000111100000001111000000
0000000111111111111111000000
0000000111111111111111000000
0000000011111111111110000000
0000000000111111111100000000
0000000000000000000000000000
0000000000000000000000000000
0000000000000000000000000000
0000000000000000000000000000
