0000000000000000000000000000
0000000000000000000000000000
0000000000000000000000000000
0000000000000000000000000000
0000000000000000000000000000
0000000000000000000000000000
0000000000000000000000000000
0000000000000000000000000000
0000000000000000000000001110
0000000000000000000111111110
0000000000011111111111111110
0000000000111111111111100000
0000000001111111111000000000
0000000111110001000000000000
0000000111111101000000000000
0000000111111110000000000000
0000000111111111000000000000
0000000000000111000000000000
0000000110011111000000000000
0000000111111111000000000000
0000000111111110000000000000
0000000001111100000000000000
0000000000000000000000000000
0000000000000000000000000000
0000000000000000000000000000
0000000000000000000000000000
0000000000000000000000000000
0000000000000000000000000000
