0000000000000000000000000000
0000000000000000000000000000
0000000000000000000000000000
0000000000000000000000000000
0000000011111111111000000000
0000000011111111111000000000
0000000011111110010000000000
0000000000111000000000000000
0000000000111000000000000000
0000000000111000000000000000
0000000000111111000000000000
0000000000111111111000000000
0000000000111011111100000000
0000000000111000011110000000
0000000000010000001111000000
0000000000000000000111000000
0000000001100000000111000000
0000000001100000000111000000
0000000001110000000111000000
0000000001110000001111000000
0000000000111000111111000000
0000000000111111111110000000
0000000000111111111100000000
0000000000011111111000000000
0000000000000000000000000000
0000000000000000000000000000
0000000000000000000000000000
0000000000000000000000000000
