0000000000000000000000000000
0000000000000000000000000000
0000000000000000000000000000
0000000000000000000000000000
0000000000000000000000000000
0000000000000000000000000000
0000000000000000000000000000
0000000000000000000000000000
0000000000000000000000000000
0000000000001111000000000000
0000000000111111111111111100
0000000001111111111111111100
0000000001111000111111000000
0000000011100000000000000000
0000000011111000000000000000
0000000001111000000000000000
0000000000111110000000000000
0000000000001110000000000000
0000000000000111000000000000
0000000000000110000000000000
0000001111111110000000000000
0000001111111110000000000000
0000001111111000000000000000
0000000000000000000000000000
0000000000000000000000000000
0000000000000000000000000000
0000000000000000000000000000
0000000000000000000000000000
