0000000000000000000000000000
0000000000000000000000000000
0000000000000000000000000000
0000000000000000000000000000
0000000000000000000000000000
0000000000000000000000011000
0000000000000111111111111000
0000000000001111111111111000
0000000000001111111111111000
0000000000011110000000000000
0000000000111100000000000000
0000000001111111110000000000
0000000011111111111000000000
0000000111111111111000000000
0000000111111100111000000000
0000000111110000111100000000
0000000000000000011100000000
0000000111000000111100000000
0000011111000000111000000000
0000011111100111111000000000
0000011111111111110000000000
0000000111111111100000000000
0000000001111100000000000000
0000000000000000000000000000
0000000000000000000000000000
0000000000000000000000000000
0000000000000000000000000000
0000000000000000000000000000
