0000000000000000000000000000
0000000000000000000000000000
0000000000000000000000000000
0000000000000000000000000000
0000000000000000111000000000
0000000001111111111000000000
0000000001111111110000000000
0000000001111110000000000000
0000000001100000000000000000
0000000011100000000000000000
0000000001100000000000000000
0000000001110000000000000000
0000000001111000000000000000
0000000001111111000000000000
0000000000111111111111000000
0000000000001111111111100000
0000000000000000011111100000
0000000000000000000111100000
0000000000000000001111000000
0000000000010000111111000000
0000000000111001111110000000
0000000000111111111000000000
0000000000111111110000000000
0000000000011111100000000000
0000000000000000000000000000
0000000000000000000000000000
0000000000000000000000000000
0000000000000000000000000000
