0000000000000000000000000000
0000000000000000000000000000
0000000000000000000000000000
0000000000000000000000000000
0000000000000000000000000000
0000000000000000000000000000
0000000000000000000000000000
0000000000000000000000000000
0000000000000000000000000000
0000000000000001111111111000
0000000000001111111111111100
0000000000011111111111111100
0000000001111111100000000000
0000000001111111110000000000
0000000000100000110000000000
0000000000000000110000000000
0000001110000000110000000000
0000001111110001111000000000
0000000111111111111000000000
0000000011111111110000000000
0000000000000000000000000000
0000000000000000000000000000
0000000000000000000000000000
0000000000000000000000000000
0000000000000000000000000000
0000000000000000000000000000
0000000000000000000000000000
0000000000000000000000000000
