0000000000000000000000000000
0000000000000000000000000000
0000000000000000000000000000
0000000000000000000000000000
0000000000000000000000000000
0000000000000000000000000000
0000000000000000000111110000
0000000000000111111111110000
0000000000001111111111110000
0000000000001111111111110000
0000000000011111000000000000
0000000000011110000000000000
0000000000111100000000000000
0000000000111111110000000000
0000000001111111110000000000
0000000000111111111000000000
0000000000000000111000000000
0000000000000000111000000000
0000110000000001111000000000
0000111000000011111000000000
0000111100000111100000000000
0000111111111111100000000000
0000011111111111000000000000
0000000000000000000000000000
0000000000000000000000000000
0000000000000000000000000000
0000000000000000000000000000
0000000000000000000000000000
