0000000000000000000000000000
0000000000000000000000000000
0000000000000000000000000000
0000000000000000000000000000
0000000000000000000000000000
0000000000000000011111100000
0000000000011111111111100000
0000000000011111111111100000
0000000001111111111111100000
0000000001111111111100000000
0000000011110000000000000000
0000000011110000000000000000
0000000011111111000000000000
0000000011111111100000000000
0000000011111111110000000000
0000000011111111110000000000
0000000011110001111000000000
0000000011100001111000000000
0000000011100001111000000000
0000000000000011111000000000
0000000011000011110000000000
0000000111111111110000000000
0000000111111111100000000000
0000000111111111100000000000
0000000011111111000000000000
0000000000000000000000000000
0000000000000000000000000000
0000000000000000000000000000
