0000000000000000000000000000
0000000000000000000000000000
0000000000000000000000000000
0000000000000000000000000000
0000000000000000000000000000
0000000000000000000000000000
0000000000000000000000000000
0000000000000000000001111000
0000000000000000011111111100
0000000000011111111111111100
0000000000111111111111110000
0000000001111111100000000000
0000000011111100000000000000
0000000011111000000000000000
0000000011111100000000000000
0000000001111110000000000000
0000000000011111000000000000
0000000000001111000000000000
0000000000001110000000000000
0000001110111110000000000000
0000001111111110000000000000
0000001111111100000000000000
0000000111110000000000000000
0000000000000000000000000000
0000000000000000000000000000
0000000000000000000000000000
0000000000000000000000000000
0000000000000000000000000000
