0000000000000000000000000000
0000000000000000000000000000
0000000000000000000000000000
0000000000000000000000000000
0000000000000000000000000000
0000000000000011111100000000
0010000000001111111111000000
0010000000111111111111000000
0000000011111111111111000000
0000000111111111111111000000
0000000111111110000000000000
0000000111111111100000000000
0000000011111111110000000000
0000000011111111111000000000
0000000000001111111100000000
0000000000000011111110000000
0000000000000001111110000000
0000000000000000111110000000
0000000000000000111110000000
0000010000000000111110000000
0000111000000011111110000000
0000111111111111111110000000
0000111111111111111000000000
0000011111111111111000000000
0000000111111111100000000000
0000000000000000000000000000
0000000000000000000000000000
0000000000000000000000000000
