0000000000000000000000000000
0000000000000000000000000000
0000000000000000000000000000
0000000000000000000000000000
0000000000000000000000000000
0000000000000000000001111000
0000000000000000001111111000
0000000000000001111111111000
0000000000001111111111100000
0000000000011111111110000000
0000000000011111111000000000
0000000000011111100000000000
0000000000111100000000000000
0000000000111110000000000000
0000000001111111000000000000
0000000001111111000000000000
0000000001111111000000000000
0000000001100111000000000000
0000000000000111000000000000
0000011000011111000000000000
0000011111111110000000000000
0000011111111110000000000000
0000011111111000000000000000
0000000000000000000000000000
0000000000000000000000000000
0000000000000000000000000000
0000000000000000000000000000
0000000000000000000000000000
