0000000000000000000000000000
0000000000000000000000000000
0000000000000000000000000000
0000000000000000000000000000
0000000000000000000000000000
0000000000000001111111100000
0000000000001111111111111110
0000000000011111111111111110
0000000000011111100000000000
0000000001111111100000000000
0000000001111110000000000000
0000000011111000000000000000
0000000011100000000000000000
0000000011000000000000000000
0000000011000000000000000000
0000000011110000000000000000
0000000011111110000000000000
0000000101111111110000000000
0000000100000111111100000000
0000000100000000011100000000
0000000110000000011100000000
0000000110000000111100000000
0000000111111111111100000000
0000000011111111111000000000
0000000001111111000000000000
0000000000000000000000000000
0000000000000000000000000000
0000000000000000000000000000
