0000000000000000000000000000
0000000000000000000000000000
0000000000000000000000000000
0000000000000000000000000000
0000000000000000000000000000
0000000000000000000000000000
0000000000000000000000000000
0000000000000110000000001100
0000000000111111111111111100
0000000001111111111111111100
0000000011111111111111111000
0000000011111111111000000000
0000000011111000000000000000
0000000011111110000000000000
0000000011111111000000000000
0000000001111111100000000000
0000000000011111110000000000
0000000000000111110000000000
0000000000000011110000000000
0000000000000011110000000000
0000001100001111110000000000
0000001100111111100000000000
0000001111111111000000000000
0000001111111110000000000000
0000000111111000000000000000
0000000000000000000000000000
0000000000000000000000000000
0000000000000000000000000000
