0000000000000000000000000000
0000000000000000000000000000
0000000000000000000000000000
0000000000000000000000000000
0000000000000000000000000000
0000000000000000000000000000
0000000000000000001111111000
0000000000000111111111111000
0000000000001111111111110000
0000000000111111111000000000
0000000000111110000000000000
0000000001111001111000000000
0000000001111111111100000000
0000000001111111111100000000
0000000001111111011100000000
0000000001111100011110000000
0000000001111000011110000000
0000011000000000011110000000
0000011000000000111100000000
0000011000000011111100000000
0000011000000111111000000000
0000011111111111110000000000
0000011111111111000000000000
0000001111111000000000000000
0000000000000000000000000000
0000000000000000000000000000
0000000000000000000000000000
0000000000000000000000000000
