0000000000000000000000000000
0000000000000000000000000000
0000000000000000000000000000
0000000000000000000000000000
0000000000000000000000000000
0000000000000000000000000000
0000000000000000111111110000
0000000000000011111111111110
0000000000011011111111111110
0000000000111111100110000000
0000000001111100000000000000
0000000001111000000000000000
0000000011111100000000000000
0000000011111110000000000000
0000000001111111000000000000
0000000000011111000000000000
0000000000001111000000000000
0000000000001111000000000000
0000000000001111000000000000
0000000110001111000000000000
0000000111111111000000000000
0000000111111110000000000000
0000000011111110000000000000
0000000001111000000000000000
0000000000000000000000000000
0000000000000000000000000000
0000000000000000000000000000
0000000000000000000000000000
