0000000000000000000000000000
0000000000000000000000000000
0000000000000000000000000000
0000000000000000000000000000
0000000000000000000000000000
0000000000000000000000000000
0000000000000000000000000000
0000000000000000000000000000
0000000000000000000000000000
0000000000000000000000000000
0000000000000000000111111110
0000000000111111111111111110
0000000001111111111000000000
0000000001111000000000000000
0000000011111000000000000000
0000000011100000000000000000
0000000011000000000000000000
0000000011100000000000000000
0000000101110000000000000000
0000000111111100000000000000
0000000111111100000000000000
0000000000111100000000000000
0000000000000000000000000000
0000000000000000000000000000
0000000000000000000000000000
0000000000000000000000000000
0000000000000000000000000000
0000000000000000000000000000
