0000000000000000000000000000
0000000000000000000000000000
0000000000000000000000000000
0000000000000000000000000000
0000000000000000000000000000
0000000000000000000000000000
0000000000000000000000000000
0000000000000000000001111100
0000000000001110001111111100
0000000000111111111111111100
0000000000111111111111100000
0000000001111111111110000000
0000000001111111110000000000
0000000001110000000000000000
0000000001111000000000000000
0000000001111110000000000000
0000000000111111100000000000
0000001110000111110000000000
0000001111000001110000000000
0000001111111111110000000000
0000001111111111110000000000
0000000011111111100000000000
0000000000000000000000000000
0000000000000000000000000000
0000000000000000000000000000
0000000000000000000000000000
0000000000000000000000000000
0000000000000000000000000000
