0000000000000000000000000000
0000000000000000000000000000
0000000000000000000000000000
0000000000000000000000000000
0000000000000000000000000000
0000000000000001111111111000
0000000000001111111111111000
0000000000111111111111000000
0000000001111111000000000000
0000000001111111000000000000
0000000001111111000000000000
0000000001111011000000000000
0000000001110000000000000000
0000000011100000000000000000
0000000011100000000000000000
0000000011111111100000000000
0000000011111111111000000000
0000000001111111111100000000
0000000000000000111100000000
0000000000000000011100000000
0000000000000000011100000000
0000011100000001111100000000
0000011111111111111000000000
0000001111111111100000000000
0000000001111110000000000000
0000000000000000000000000000
0000000000000000000000000000
0000000000000000000000000000
