0000000000000000000000000000
0000000000000000000000000000
0000000000000000000000000000
0000000000000000000000000000
0000000000000000000000000000
0000000000000000000000000000
0000000000000000000000000000
0000000000000000000000111100
0000000000000011111111111100
0000000000000111111111111100
0000000000001111111111110000
0000000000011111110000000000
0000000000111111110000000000
0000000000111111111000000000
0000000000111111111000000000
0000000000011000111000000000
0000001111000000111000000000
0000001111110001111000000000
0000001111111111110000000000
0000001111111111110000000000
0000001111111111100000000000
0000000111111111000000000000
0000000011111100000000000000
0000000000000000000000000000
0000000000000000000000000000
0000000000000000000000000000
0000000000000000000000000000
0000000000000000000000000000
