0000000000000000000000000000
0000000000000000000000000000
0000000000000000000000000000
0000000000000000000000000000
0000000000000000000000000000
0000000001111111111100000000
0000000001111111111100000000
0000000001111111111100000000
0000000001111000000000000000
0000000001111000000000000000
0000000011111111110000000000
0000000011111111111000000000
0000000111111111111100000000
0000000111111101111100000000
0000000011100000011110000000
0000000000111000011111000000
0000000001111000001111000000
0000000001110000001111000000
0000000001110000001111000000
0000000001110000001111000000
0000000001111100001111000000
0000000001111100011111000000
0000000000111111111111000000
0000000000011111111100000000
0000000000001111111100000000
0000000000000000000000000000
0000000000000000000000000000
0000000000000000000000000000
