0000000000000000000000000000
0000000000000000000000000000
0000000000000000000000000000
0000000000000000000000000000
0000000000000000000001111000
0000000000000000001111111000
0000000000000011111111110000
0000000000001111111111100000
0000000000001111111110000000
0000000000001111100000000000
0000000000001111000000000000
0000000000001110000000000000
0000000000011110000000000000
0000000000111100111000000000
0000000000111111111100000000
0000000001111111111100000000
0000000001111111111000000000
0000000001111111111000000000
0000001100010001111000000000
0000011100000011110000000000
0000011100000111100000000000
0000011111111111100000000000
0000001111111111000000000000
0000000111111110000000000000
0000000000000000000000000000
0000000000000000000000000000
0000000000000000000000000000
0000000000000000000000000000
