0000000000000000000000000000
0000000000000000000000000000
0000000000000000000000000000
0000000000000000000000000000
0000000001111110000000000000
0000000001111111000000000000
0000000001111111111100000000
0000000001111111111110000000
0000000001111000011111000000
0000000001111000000110000000
0000000000111000000000000000
0000000000111000000000000000
0000000000111110000000000000
0000000000011111111000000000
0000000000011111111100000000
0000000000001111111100000000
0000000000000000011110000000
0000000000000000011110000000
0000000000000000011110000000
0000000000000000011110000000
0000000000000001111110000000
0000000000011111111100000000
0000000011111111111000000000
0000000011111111111000000000
0000000000000000000000000000
0000000000000000000000000000
0000000000000000000000000000
0000000000000000000000000000
