0000000000000000000000000000
0000000000000000000000000000
0000000000000000000000000000
0000000000000000000000000000
0000000000000000000000000000
0000000000000000000000000000
0000000000000000000000000000
0000000000000000011111111100
0000000000000000111111111100
0000000000000111111111111000
0000000000011110111000000000
0000000000111111000000000000
0000000000111111000000000000
0000000001111111000000000000
0000000001111111100000000000
0000000001111111100000000000
0000000000111111100000000000
0000000000000011110000000000
0000000000000111100000000000
0000001111011111100000000000
0000001111111111100000000000
0000001111111110000000000000
0000000011111100000000000000
0000000000000000000000000000
0000000000000000000000000000
0000000000000000000000000000
0000000000000000000000000000
0000000000000000000000000000
