0000000000000000000000000000
0000000000000000000000000000
0000000000000000000000000000
0000000000000000000000000000
0000000000000011110000000000
0000000000000111110000000000
0000000000001111100110000000
0000000000011111111111111100
0000000000111111111111111100
0000000001111111111111000000
0000000001111111100000000000
0000000011110000000000000000
0000000011110000000000000000
0000000011110000000000000000
0000000011111100000000000000
0000000011111111000000000000
0000000000111111110000000000
0000000000001111111100000000
0000001100000011111110000000
0000001111000000011111000000
0000001111110000001111000000
0000000111111110001111000000
0000000001111111111111000000
0000000000001111111111000000
0000000000000000000000000000
0000000000000000000000000000
0000000000000000000000000000
0000000000000000000000000000
