0000000000000000000000000000
0000000000000000000000000000
0000000000000000000000000000
0000000000000000000000000000
0000000000000000000000000000
0000000000011111000000000000
0000000000111111111000000000
0000000000011111111100000000
0000000000011111111111000000
0000000000011100001111100000
0000000000011100000001110000
0000000000011100000000000000
0000000000011100000000000000
0000000000011000000000000000
0000000000111000000000000000
0000000000111110000000000000
0000000000011111000000000000
0000000000001111100000000000
0000000000000011110000000000
0000000011000001110000000000
0000000011000001110000000000
0000000011000011110000000000
0000000011100011110000000000
0000000011111111100000000000
0000000001111111000000000000
0000000000000000000000000000
0000000000000000000000000000
0000000000000000000000000000
