0000000000000000000000000000
0000000000000000000000000000
0000000000000000000000000000
0000000000000000000000000000
0000000000000000000000000000
0000000000000000000000000000
0000000000000000000000111100
0000000000000000000011111100
0000000000000111011111111100
0000000000001111111111101100
0000000000011111111110000000
0000000000011111110000000000
0000000000111111000000000000
0000000001111001000000000000
0000000011111111000000000000
0000000011111111100000000000
0000000011111111110000000000
0000000000000001110000000000
0000001100000011110000000000
0000001110000111100000000000
0000001110001111100000000000
0000001111111111000000000000
0000000111111100000000000000
0000000011100000000000000000
0000000000000000000000000000
0000000000000000000000000000
0000000000000000000000000000
0000000000000000000000000000
