0000000000000000000000000000
0000000000000000000000000000
0000000000000000000000000000
0000000000000000000000000000
0000000000000111111100000000
0000000000001111111110000000
0000000000001111111110000000
0000000000001110001000000000
0000000000001100000000000000
0000000000011100000000000000
0000000000011100000000000000
0000000000011100000000000000
0000000000011000000000000000
0000000000011000000000000000
0000000000111111100000000000
0000000000111111110000000000
0000000000000111111000000000
0000000000000001111000000000
0000000000000000111000000000
0000000001100000111000000000
0000000001110001111000000000
0000000001111111111000000000
0000000001111111110000000000
0000000000111111100000000000
0000000000000000000000000000
0000000000000000000000000000
0000000000000000000000000000
0000000000000000000000000000
