0000000000000000000000000000
0000000000000000000000000000
0000000000000000000000000000
0000000000000000000000000000
0000000000000000000000000000
0000000000000000000000000000
0000000000000000000000000000
0000000000000000000000111100
0000000000000101111111111100
0000000000000111111111111100
0000000000000111111111000000
0000000000111111000000000000
0000000001111100000000000000
0000000011111000000000000000
0000000011100000000000000000
0000000011111110000000000000
0000000011111111000000000000
0000000100001111000000000000
0000001100011111000000000000
0000000000111110000000000000
0000001111111110000000000000
0000001111111000000000000000
0000000111100000000000000000
0000000000000000000000000000
0000000000000000000000000000
0000000000000000000000000000
0000000000000000000000000000
0000000000000000000000000000
