0000000000000000000000000000
0000000000000000000000000000
0000000000000000000000000000
0000000000000000000000000000
0000000000000000000000000000
0000000000111111111111110000
0000000000111111111111110000
0000000000111111111111110000
0000000000111111111000000000
0000000000111100000000000000
0000000000111100000000000000
0000000000111100000000000000
0000000000111100000000000000
0000000000111111111000000000
0000000000111111111100000000
0000000000111111111110000000
0000000000111110011110000000
0000000001111100011110000000
0000000001111100011110000000
0000000001111000111100000000
0000001101111000111100000000
0000001111000001111100000000
0000000111111111111000000000
0000000011111111110000000000
0000000001111111100000000000
0000000000000000000000000000
0000000000000000000000000000
0000000000000000000000000000
