0000000000000000000000000000
0000000000000000000000000000
0000000000000000000000000000
0000000000000000000000000000
0000000000000000000000000000
0000000000000000000000000000
0000000000000000000111100000
0000000000000011111111111000
0000000000011111111111111000
0000000000111111111111111000
0000000000111111000000000000
0000000001111110000000000000
0000000011111111110000000000
0000000011111111111000000000
0000000001111111111000000000
0000000000000000111100000000
0000000000000000111100000000
0000000000000000011100000000
0000011000000001111100000000
0000011111000011111000000000
0000011111111111111000000000
0000011111111111110000000000
0000000011111111100000000000
0000000000110000000000000000
0000000000000000000000000000
0000000000000000000000000000
0000000000000000000000000000
0000000000000000000000000000
