0000000000000000000000000000
0000000000000000000000000000
0000000000000000000000000000
0000000000000000000000000000
0000000000000011110000000000
0000000000000111111100000000
0000000000001111111110000000
0000000000001111011110000000
0000000000011110000000000000
0000000000011100000000000000
0000000000111100000000000000
0000000000111000000000000000
0000000000111100000000000000
0000000000111100000000000000
0000000000001111100000000000
0000000000000111110000000000
0000000000000011110000000000
0000000000000000111000000000
0000000000000000111000000000
0000000000000000111000000000
0000000001100001111000000000
0000000000111111110000000000
0000000000111111110000000000
0000000000011111100000000000
0000000000000000000000000000
0000000000000000000000000000
0000000000000000000000000000
0000000000000000000000000000
