0000000000000000000000000000
0000000000000000000000000000
0000000000000000000000000000
0000000000000000000000000000
0000000000000000000000000000
0000000000111111111111110000
0000000001111111111111110000
0000000001111111111111110000
0000000000111111111111110000
0000000011111111111111110000
0000000011111111111111000000
0000000011111111111111000000
0000000011111111111111000000
0000000001111111111111000000
0000000000111111100000000000
0000000000111111100000000000
0000000000111111100000000000
0000000000111111110000000000
0000110000000001111000000000
0000111000000001111000000000
0000111111000111111000000000
0000111111111111111000000000
0000111111111111111000000000
0000111111111111111000000000
0000001111111111100000000000
0000000000000000000000000000
0000000000000000000000000000
0000000000000000000000000000
