0000000000000000000000000000
0000000000000000000000000000
0000000000000000000000000000
0000000000000000000000000000
0000000000000000000000000000
0000000000000000000000000000
0000000000000000001111111000
0000000000000111111111111000
0000000000000111111111111000
0000000000001111111000000000
0000000000011110000000000000
0000000000011100000000000000
0000000000111110000000000000
0000000000111111100000000000
0000000000111111100000000000
0000011000000011110000000000
0000011100000001110000000000
0000011100000001110000000000
0000011100000000110000000000
0000011111000001110000000000
0000001111111111110000000000
0000000111111111100000000000
0000000011111111100000000000
0000000000000000000000000000
0000000000000000000000000000
0000000000000000000000000000
0000000000000000000000000000
0000000000000000000000000000
