0000000000000000000000000000
0000000000000000000000000000
0000000000000000000000000000
0000000000000000000000000000
0000000000000000000000000000
0000000000000000000000000000
0000000000000000000011100000
0000000000001111111111110000
0000000000011111111111110000
0000000000111111111111100000
0000000000011110000000000000
0000000000111111110000000000
0000000001111111111100000000
0000000001111111111110000000
0000000011111000011100000000
0000000011100000001110000000
0000000000000000011110000000
0000000000000000111100000000
0000110000000001111100000000
0000111000000111111000000000
0000111111111111110000000000
0000111111111111100000000000
0000011111111110000000000000
0000000111110000000000000000
0000000000000000000000000000
0000000000000000000000000000
0000000000000000000000000000
0000000000000000000000000000
