0000000000000000000000000000
0000000000000000000000000000
0000000000000000000000000000
0000000000000000000000000000
0000000000000000000000000000
0000000000011111111100000000
0000000000111111111111100000
0000000001111111111111110000
0000000001111000000111110000
0000000001110000000001110000
0000000001111000000000000000
0000000001111000000000000000
0000000001110000000000000000
0000000001110000000000000000
0000000001110000000000000000
0000000001111100000000000000
0000000001111111100000000000
0000000000011111110000000000
0000000000000011110000000000
0000000000000000111000000000
0000001110000000111000000000
0000001111000000110000000000
0000001111111111110000000000
0000000011111111110000000000
0000000000111111100000000000
0000000000000000000000000000
0000000000000000000000000000
0000000000000000000000000000
