0000000000000000000000000000
0000000000000000000000000000
0000000000000000000000000000
0000000000000000000000000000
0000000000000000000000000000
0000000000000000000000000000
0000000000000001111111111100
0000000000000111111111111100
0000000000001111111111111100
0000000000011111111111100000
0000000001111111000000000000
0000000011111110000000000000
0000001111111111110000000000
0000001111111111111000000000
0000001111111111111100000000
0000001111000001111100000000
0000000000000000011100000000
0000000000000000011100000000
0000001110000000111100000000
0000001110000001111100000000
0000001110000011111000000000
0000001111101111111000000000
0000000111111111110000000000
0000000111111111000000000000
0000000011111110000000000000
0000000000111000000000000000
0000000000000000000000000000
0000000000000000000000000000
