0000000000000000000000000000
0000000000000000000000000000
0000000000000000000000000000
0000000000000000000000000000
0000000000000000000000000000
0000000000000000000000000000
0000000000000000000000000000
0000000000000000111000111100
0000000000000011111111111100
0000000000001111111111111100
0000000000001111111111110000
0000000000001111100000000000
0000000000001111000000000000
0000000000111111000000000000
0000000001111111100000000000
0000000001111111110000000000
0000000001111111110000000000
0000000001111011110000000000
0000000000000011110000000000
0000001111001111110000000000
0000001111111111100000000000
0000001111111111000000000000
0000000111111100000000000000
0000000000000000000000000000
0000000000000000000000000000
0000000000000000000000000000
0000000000000000000000000000
0000000000000000000000000000
