0000000000000000000000000000
0000000000000000000000000000
0000000000000000000000000000
0000000000000000000000000000
0000000000000000000000000000
0000000000000000000000000000
0000000000000001111111110000
0000000000111111111111111000
0000000000111111110000111000
0000000001111100000000000000
0000000111100000000000000000
0000001111000000000000000000
0000011110000000000000000000
0000011100000000000000000000
0000011111111110010000000000
0000011111111111111110000000
0000000000000111111111000000
0000000000000000000111000000
0000000000000000000111000000
0000000110000000000111000000
0000000111000000011110000000
0000000011111111111100000000
0000000001111111111000000000
0000000000000111000000000000
0000000000000000000000000000
0000000000000000000000000000
0000000000000000000000000000
0000000000000000000000000000
