0000000000000000000000000000
0000000000000000000000000000
0000000000000000000000000000
0000000000000000000000000000
0000000000000000000000000000
0000000000000000000000000000
0000000000000000001111111100
0000000000000011111111111100
0000000000011111111111111100
0000000000111111111101111000
0000000000111111000001110000
0000000011111110000011000000
0000000111110110000000000000
0000001111100110000000000000
0000001111100000000000000000
0000001111111100000000000000
0000001111111111100000000000
0000001111111111110000000000
0000000000011011110000000000
0000000000110011110000000000
0000000001100011100000000000
0000000001100111100000000000
0000000011101111000000000000
0000000011111111000000000000
0000000011111110000000000000
0000000001111000000000000000
0000000000000000000000000000
0000000000000000000000000000
