0000000000000000000000000000
0000000000000000000000000000
0000000000000000000000000000
0000000000000000000000000000
0000000000111110111000000000
0000000001111111111000000000
0000000001111111111000000000
0000000011111111111000000000
0000000011110000000000000000
0000000011110000000000000000
0000000111111111111000000000
0000000111111111111110000000
0000000011111111111111000000
0000000011111000111111000000
0000000000000000000111100000
0000000000000000000111100000
0000000011000000000111100000
0000000111000000000111100000
0000000111100000001111100000
0000000111110000011111000000
0000000011111001111111000000
0000000011111111111110000000
0000000001111111111100000000
0000000000011111111000000000
0000000000000000000000000000
0000000000000000000000000000
0000000000000000000000000000
0000000000000000000000000000
