0000000000000000000000000000
0000000000000000000000000000
0000000000000000000000000000
0000000000000000000000000000
0000000000000000000000000000
0000000000000000000000000000
0000000000000000000000001100
0000000000000001100001111100
0000000000000011111111111100
0000000000000111111111111100
0000000000000111111111111000
0000000000011111111000000000
0000000000011111100000000000
0000000000111111100000000000
0000000000111111110000000000
0000000111111111110000000000
0000001111111011110000000000
0000001111100111110000000000
0000001111001111100000000000
0000001110011111000000000000
0000001111111111000000000000
0000001111111110000000000000
0000000111110000000000000000
0000000000000000000000000000
0000000000000000000000000000
0000000000000000000000000000
0000000000000000000000000000
0000000000000000000000000000
