0000000000000000000000000000
0000000000000000000000000000
0000000000000000000000000000
0000000000000000111110000000
0000000000000011111100000000
0000000000001111111000000000
0000000000011111110000000000
0000000000111111000000000000
0000000001111100000000000000
0000000001111100000000000000
0000000001111111000000000000
0000000000111111110000000000
0000000000011111110000000000
0000000000000111111000000000
0000000000000011111100000000
0000000000000001111110000000
0000000000000000111110000000
0000000000000000111110000000
0000000000000000111110000000
0000000111000001111100000000
0000000111111111111100000000
0000000111111111111000000000
0000000001111111110000000000
0000000000000000000000000000
0000000000000000000000000000
0000000000000000000000000000
0000000000000000000000000000
0000000000000000000000000000
