0000000000000000000000000000
0000000000000000000000000000
0000000000000000000000000000
0000000000000000000000000000
0000000000000000000000000000
0000000000000000000000000000
0000000000000000000000000000
0000000000000000000000000000
0000000000000111111111111100
0000000000001111111111111100
0000000000011111111111111000
0000000000011111110000000000
0000000000011110000000000000
0000000000011110000000000000
0000000000011110000000000000
0000000110001111000000000000
0000001110001111000000000000
0000001110001111000000000000
0000001110111111000000000000
0000001111111110000000000000
0000001111111110000000000000
0000001111111100000000000000
0000000000000000000000000000
0000000000000000000000000000
0000000000000000000000000000
0000000000000000000000000000
0000000000000000000000000000
0000000000000000000000000000
