0000000000000000000000000000
0000000000000000000000000000
0000000000000000000000000000
0000000000000000000000000000
0000000000000000000000000000
0000000000000000000000000000
0000000000000000000000000000
0000000000000011100000111100
0000000000000011111111111100
0000000000000111111111111100
0000000000001111111111111100
0000000000111111000000000000
0000000001111111110000000000
0000000011111111110000000000
0000000011111111110000000000
0000001101100011110000000000
0000001100000111110000000000
0000001110001111100000000000
0000001110111111000000000000
0000001111111110000000000000
0000001111111110000000000000
0000000111111000000000000000
0000000000000000000000000000
0000000000000000000000000000
0000000000000000000000000000
0000000000000000000000000000
0000000000000000000000000000
0000000000000000000000000000
