0000000000000000000000000000
0000000000000000000000000000
0000000000000000000000000000
0000000000000000000000000000
0000000000000000000000000000
0000000000000000000000000000
0000000000000000000000000000
0000000000000000000000000000
0000000000000000000000111100
0000000000000011111111111100
0000000000001111111111111100
0000000000001111111110011100
0000000000011111000000000000
0000000000111111000000000000
0000000011111111000000000000
0000001111111111000000000000
0000001111111111000000000000
0000001110001111000000000000
0000001110111111000000000000
0000001111111100000000000000
0000001111111000000000000000
0000001111100000000000000000
0000000000000000000000000000
0000000000000000000000000000
0000000000000000000000000000
0000000000000000000000000000
0000000000000000000000000000
0000000000000000000000000000
