0000000000000000000000000000
0000000000000000000000000000
0000000000000000000000000000
0000000000000000000000000000
0000000000000000000000000000
0000000000000000000000000000
0000000000111111111111110000
0000000000111111111111111000
0000000000111111111111111000
0000000000111111111111111000
0000000001111110000000000000
0000000001111100000000000000
0000000001111111000000000000
0000000001111111110000000000
0000000001111111110000000000
0000000001111111111000000000
0000000001111111111100000000
0000000001110000111100000000
0000000000000001111100000000
0000001110000111111000000000
0000001111001111111000000000
0000001111011111110000000000
0000001111111111100000000000
0000000111111111000000000000
0000000011111110000000000000
0000000011111100000000000000
0000000000000000000000000000
0000000000000000000000000000
