0000000000000000000000000000
0000000000000000000000000000
0000000000000000000000000000
0000000000000000000000000000
0000000000000000000000000000
0000000000000000000000000000
0000000000000000000000100000
0000000000011000111111111110
0000000000111111111111111110
0000000001111111111111111110
0000000011111111111111000000
0000000111111111111000000000
0000000111110111000000000000
0000000111100000000000000000
0000000111000000000000000000
0000000110000000000000000000
0000000111000000000000000000
0000000111100000000000000000
0000000011111100000000000000
0000000001111110000000000000
0000000000111110000000000000
0000000000011110000000000000
0000000011111110000000000000
0000000111111110000000000000
0000000111111100000000000000
0000000000000000000000000000
0000000000000000000000000000
0000000000000000000000000000
