0000000000000000000000000000
0000000000000000000000000000
0000000000000000000000000000
0000000000000000000000000000
0000000000000000000000000000
0000000000011101111111111000
0000000000111111111111110000
0000000000111111111110000000
0000000001111111000000000000
0000000011111000000000000000
0000000111100000000000000000
0000001111111110000000000000
0000001111111111100000000000
0000011111111111110000000000
0000011100000111111000000000
0000000000000000111100000000
0000000000000000011100000000
0000000000000000001110000000
0000000000000000001110000000
0000000000000000001111000000
0000000011000000000111000000
0000000011100000011111000000
0000000011111000111110000000
0000000000111111111100000000
0000000000011111111000000000
0000000000000000000000000000
0000000000000000000000000000
0000000000000000000000000000
