0000000000000000000000000000
0000000000000000000000000000
0000000000000000000000000000
0000000000000000000000000000
0000000000000000000000000000
0000000000111111111100000000
0000000000111111111100000000
0000000000111111111100000000
0000000001110011111100000000
0000000001110000000000000000
0000000001111111000000000000
0000000011111111110000000000
0000000011111111110000000000
0000000011111111111000000000
0000000011110111111000000000
0000000000000001111000000000
0000000000000001111100000000
0000000000000000011100000000
0000000000000000011100000000
0000000000000000011100000000
0000000000000000111100000000
0000000000111111111100000000
0000000111111111111000000000
0000000111111111111000000000
0000000111111111110000000000
0000000000000000000000000000
0000000000000000000000000000
0000000000000000000000000000
