0000000000000000000000000000
0000000000000000000000000000
0000000000000000000000000000
0000000000000000001111110000
0000000000000001111111100000
0000000000001111111110000000
0000000000001111110000000000
0000000000001111000000000000
0000000000011100000000000000
0000000000011100000000000000
0000000000111000000000000000
0000000000111000000000000000
0000000000111000000000000000
0000000000011000000000000000
0000000000011100000000000000
0000000000011111000000000000
0000000000001111110000000000
0000000000000111111000000000
0000000000000001111100000000
0000001100000001111100000000
0000001111111111111100000000
0000000111111111111100000000
0000000111111111110000000000
0000000000000000000000000000
0000000000000000000000000000
0000000000000000000000000000
0000000000000000000000000000
0000000000000000000000000000
