0000000000000000000000000000
0000000000000000000000000000
0000000000000000000000000000
0000000000000000000000000000
0000000000000000000000000000
0000000000000111000011110000
0000000000001111111111111000
0000000000001111111111111000
0000000000011111111111111000
0000000000011111100111100000
0000000000111111000000000000
0000000001111100000000000000
0000000001111111100000000000
0000000011111111111000000000
0000000011111111111000000000
0000000011111111111100000000
0000000000110000111110000000
0000000000000000111110000000
0000000000000000111110000000
0000011000000011111110000000
0000011110001111111100000000
0000011111011111111000000000
0000011111111111110000000000
0000001111111111000000000000
0000000111111100000000000000
0000000000000000000000000000
0000000000000000000000000000
0000000000000000000000000000
