0000000000000000000000000000
0000000000000000000000000000
0000000000000000000000000000
0000000000000000000000000000
0000000000000000000000000000
0000000000000111000000000000
0000000000001111100000000000
0000000000011111111000000000
0000000000011111111111111000
0000000000011111111111111100
0000000000111100111111111100
0000000000111100000000001100
0000000001111111000000000000
0000000001111111100000000000
0000000001111111110000000000
0000000000100111111000000000
0000000000000001111000000000
0000000000000001111000000000
0000001100000001111000000000
0000001110000011111000000000
0000001111000111111000000000
0000001111111111110000000000
0000001111111111100000000000
0000000111111111000000000000
0000000000011000000000000000
0000000000000000000000000000
0000000000000000000000000000
0000000000000000000000000000
