0000000000000000000000000000
0000000000000000000000000000
0000000000000000000000000000
0000000000000000000000000000
0000000000000000000000000000
0000000000000000000000000000
0000000000000000000000000000
0000000000000000000000000000
0000000000000000000000000000
0000000011111111111111111110
0000000011111111111111111110
0000000001111111111000001110
0000000000000011100000000000
0000000000000011000000000000
0000000000001111000000000000
0000000000001110000000000000
0000000000011110000000000000
0000000000011100000000000000
0000000001111110000000000000
0000000001111110000000000000
0000000110111110000000000000
0000000111111100000000000000
0000000011111000000000000000
0000000000000000000000000000
0000000000000000000000000000
0000000000000000000000000000
0000000000000000000000000000
0000000000000000000000000000
