0000000000000000000000000000
0000000000000000000000000000
0000000000000000000000000000
0000000000000000000000000000
0000000000000000000000000000
0000000000000000000111100000
0000000001111100011111100000
0000000001111111111111000000
0000000011111111111111000000
0000000111111111111100000000
0000001111111111111000000000
0000011111111111111000000000
0000011111111111111100000000
0000011111000011111110000000
0000011100000000111111000000
0000001000000000001111000000
0000000000000000000111000000
0000000000000000000011100000
0000000110000000000011100000
0000001111000000000111100000
0000000111000000001111000000
0000000111110000011111000000
0000000111111111111111000000
0000000011111111111100000000
0000000001111111111000000000
0000000000000000000000000000
0000000000000000000000000000
0000000000000000000000000000
