0000000000000000000000000000
0000000000000000000000000000
0000000000000000000000000000
0000000000000000000000000000
0000000000000111111110000000
0000000000011111111111000000
0000000001111111111111000000
0000000001111100001110000000
0000000011111000000000000000
0000000011110000000000000000
0000000011110000000000000000
0000000011111110000000000000
0000000011111111111000000000
0000000001111111111100000000
0000000000000011111110000000
0000000000000000011111000000
0000000000000000001111000000
0000000000000000000111000000
0000000000000000000111000000
0000001111111100001111000000
0000001111111110001111000000
0000001111111111111110000000
0000001111111111111100000000
0000000011111111111000000000
0000000000000000000000000000
0000000000000000000000000000
0000000000000000000000000000
0000000000000000000000000000
