0000000000000000000000000000
0000000000000000000000000000
0000000000000000000000000000
0000000000000000000000000000
0000000000000000000000000000
0000000000000000000000000000
0000000000000000000000000000
0000000000000111111111111000
0000000000011111111111111000
0000000000111111111111100000
0000000011111000000000000000
0000000011111000000000000000
0000000011111110000000000000
0000000011111111110000000000
0000001101111111110000000000
0000000000000111111000000000
0000000000000001111000000000
0000011000000000111100000000
0000011000000000111100000000
0000011100000001111100000000
0000001111111111111000000000
0000000111111111110000000000
0000000011111111000000000000
0000000000000000000000000000
0000000000000000000000000000
0000000000000000000000000000
0000000000000000000000000000
0000000000000000000000000000
