0000000000000000000000000000
0000000000000000000000000000
0000000000000000000000000000
0000000000000000000000000000
0000000000000000000000000000
0000000000000000000000000000
0000000000000000000000000000
0000000111111000001100001100
0000001111111111111111111100
0000001111111111111111111100
0000001111100000000000000000
0000001111100000000000000000
0000000111111100000000000000
0000000011111110000000000000
0000000000011111100000000000
0000000000000111110000000000
0000000000000011111000000000
0000000000000000111100000000
0000000100000000011110000000
0000001110000000001110000000
0000000110000000001110000000
0000000111100000011110000000
0000000011111001111110000000
0000000001111111111100000000
0000000000011111110000000000
0000000000000000000000000000
0000000000000000000000000000
0000000000000000000000000000
