0000000000000000000000000000
0000000000000000000000000000
0000000000000000000000000000
0000000000000000000000000000
0000000000000000000000000000
0000000000000000000000000000
0000000000000000000000000000
0000000000000000000000000000
0000000000000000000011111000
0000000000000001111111111000
0000000000000111111111111000
0000000000001111111111111000
0000000001111111111100000000
0000000011111111000000000000
0000000011111110000000000000
0000000011111110000000000000
0000000000111110000000000000
0000011000111110000000000000
0000011111111110000000000000
0000011111111110000000000000
0000011111111000000000000000
0000001111000000000000000000
0000000000000000000000000000
0000000000000000000000000000
0000000000000000000000000000
0000000000000000000000000000
0000000000000000000000000000
0000000000000000000000000000
