0000000000000000000000000000
0000000000000000000000000000
0000000000000000000000000000
0000000000000000000000000000
0000000000000000000000000000
0000000000000000000000000000
0000000000000000001111110000
0000000000000111111111110000
0000000000000111111111110000
0000000000000111111111110000
0000000000000111110000000000
0000000000011111000000000000
0000000000111111100000000000
0000000001111111110000000000
0000000001111111110000000000
0000000001111000110000000000
0000000001100001110000000000
0000000000000001110000000000
0000000000000011110000000000
0000111000000011100000000000
0000111100000111100000000000
0000111111111111000000000000
0000011111111110000000000000
0000000111111100000000000000
0000000000000000000000000000
0000000000000000000000000000
0000000000000000000000000000
0000000000000000000000000000
