0000000000000000000000000000
0000000000000000000000000000
0000000000000000000000000000
0000000000000000000000000000
0000000000000000000000000000
0000000000000111111111110000
0000000000111111111111110000
0000000000111111111111100000
0000000001111111110000000000
0000000011111100000000000000
0000000011111000000000000000
0000000011101111110000000000
0000000111111111110000000000
0000000111111101111000000000
0000000111111000111000000000
0000001111100000111100000000
0000001111000000111100000000
0000000110000000111100000000
0000000000000000111100000000
0000000000000000111110000000
0000000000000000111110000000
0000000001111100111110000000
0000000001111111111100000000
0000000001111111111100000000
0000000001111111111100000000
0000000000000000000000000000
0000000000000000000000000000
0000000000000000000000000000
