0000000000000000000000000000
0000000000000000000000000000
0000000000000000000000000000
0000000000000000000000000000
0000000000000000000000000000
0000000000011111111100000000
0000000000111111111100000000
0000000001111100001000000000
0000001111110000000000000000
0000001111100000000000000000
0000011110000000000000000000
0000011111111111100000000000
0000011111111111111000000000
0000000000000011111110000000
0000000000000000011110000000
0000000000000000000111000000
0000000000000000000111000000
0000000000000000000111000000
0000000000000000000011000000
0000000000000000000011000000
0000000000110000000111000000
0000000000111000000111000000
0000000000111111011111000000
0000000000011111111110000000
0000000000000011111100000000
0000000000000000000000000000
0000000000000000000000000000
0000000000000000000000000000
