0000000000000000000000000000
0000000000000000000000000000
0000000000000000000000000000
0000000000000000000000000000
0000000000000000000000000000
0000000000000000000000000000
0000000000000001000001111100
0000000000000011111111111100
0000000000001111111111111100
0000000000001111111111111000
0000000000011111000000000000
0000000000111111000000000000
0000000000111111000000000000
0000000001111111100000000000
0000000011111111100000000000
0000000111110011100000000000
0000000111100011110000000000
0000000011000011110000000000
0000001110000011110000000000
0000001111000011110000000000
0000001111101111100000000000
0000000111111111100000000000
0000000111111111000000000000
0000000011111110000000000000
0000000000000000000000000000
0000000000000000000000000000
0000000000000000000000000000
0000000000000000000000000000
