0000000000000000000000000000
0000000000000000000000000000
0000000000000000000000000000
0000000000000000000000000000
0000000000000000000000000000
0000000000000000000000000000
0000000000000000000000011000
0000000000000011111111111000
0000000000000011111111111000
0000000000000111111111000000
0000000000000111000000000000
0000000000001110000000000000
0000000000001110000000000000
0000000000011111100000000000
0000000000011111100000000000
0000000000000001110000000000
0000011000000000110000000000
0000011000000001110000000000
0000011100000011110000000000
0000011111111111100000000000
0000001111111110000000000000
0000000011111100000000000000
0000000000000000000000000000
0000000000000000000000000000
0000000000000000000000000000
0000000000000000000000000000
0000000000000000000000000000
0000000000000000000000000000
