0000000000000000000000000000
0000000000000000000000000000
0000000000000000000000000000
0000000000000000000000000000
0000000000000000000000000000
0000000000000000000000000000
0000000000000011100001000000
0000000000000011111111100000
0000000000000111111111100000
0000000000011111111111100000
0000000000111111111000000000
0000000001111111111100000000
0000000011111111111110000000
0000000011111000011110000000
0000000011110000001110000000
0000000011110000001110000000
0000010000000000011110000000
0001111000000001111110000000
0001111111101111111100000000
0000111111111111111000000000
0000011111111111110000000000
0000000111111110000000000000
0000000000000000000000000000
0000000000000000000000000000
0000000000000000000000000000
0000000000000000000000000000
0000000000000000000000000000
0000000000000000000000000000
