0000000000000000000000000000
0000000000000000000000000000
0000000000000000000000000000
0000000000000000000000000000
0000000111100001111110000000
0000000111111111111110000000
0000000111111111111110000000
0000000011111111111100000000
0000000011111111100000000000
0000000011110000000000000000
0000000111111111111000000000
0000000111111111111110000000
0000000111111111111111000000
0000000111111111111111100000
0000000011111000001111110000
0000000001100000000111110000
0000000000000000000011110000
0000111110000000000011110000
0000111111111100000011110000
0000111111111111001111110000
0000111111111111111111110000
0000000011111111111111110000
0000000000000111111111000000
0000000000000001111110000000
0000000000000000000000000000
0000000000000000000000000000
0000000000000000000000000000
0000000000000000000000000000
