0000000000000000000000000000
0000000000000000000000000000
0000000000000000000000000000
0000000000000000000000000000
0000000000000000000000000000
0000000000000000000000000000
0000000000000000000000000000
0000000000000000000000000000
0000000000000000011111111000
0000000000000011111111111100
0000000000000111111111111100
0000000000011111110000000000
0000000000111111000000000000
0000000011111111110000000000
0000000011111111110000000000
0000000011110000110000000000
0000001001000000110000000000
0000001100000011110000000000
0000001111011111100000000000
0000001111111110000000000000
0000001111111110000000000000
0000000011100000000000000000
0000000000000000000000000000
0000000000000000000000000000
0000000000000000000000000000
0000000000000000000000000000
0000000000000000000000000000
0000000000000000000000000000
