0000000000000000000000000000
0000000000000000000000000000
0000000000000000000000000000
0000000000000000000000000000
0000000000000011111000000000
0000000000000111111000000000
0000000000111111111000000000
0000000111111111100000000000
0000000111111111000000000000
0000000111111100000000000000
0000000111100000000000000000
0000000111110000000000000000
0000000111111111111100000000
0000001111111111111110000000
0000001111111111111111000000
0000001111111111111111100000
0000001111100000000111100000
0000000000000000000111110000
0000000000011000000111110000
0000000000111000001111100000
0000000000111000001111100000
0000000000111111111111100000
0000000000011111111110000000
0000000000001111111100000000
0000000000000000000000000000
0000000000000000000000000000
0000000000000000000000000000
0000000000000000000000000000
