0000000000000000000000000000
0000000000000000000000000000
0000000000000000000000000000
0000000000000000000000000000
0000000000000000000000000000
0000000000011111110000000000
0000000000011111111110000000
0000000000111001111111000000
0000000000111000001111000000
0000000000111000011110000000
0000000000111000011000000000
0000000000111000000000000000
0000000000110000000000000000
0000000000110000000000000000
0000000000110111110000000000
0000000000111111110000000000
0000000000111111110000000000
0000000000000000111000000000
0000000000000000110000000000
0000000011000000110000000000
0000000011000000110000000000
0000000011000001110000000000
0000000011000111100000000000
0000000011111111000000000000
0000000001111110000000000000
0000000000000000000000000000
0000000000000000000000000000
0000000000000000000000000000
