0000000000000000000000000000
0000000000000000000000000000
0000000000000000000000000000
0000000000000000000000000000
0000000000000000000000000000
0000000000111111111111000000
0000000000111111111111100000
0000000000111111111111100000
0000000000011000000000000000
0000000000111000000000000000
0000000000111000000000000000
0000000000111100000000000000
0000000000111111100000000000
0000000000111111110000000000
0000000000111111111000000000
0000000000111111111100000000
0000000000111000111100000000
0000000000000000011100000000
0000000000000000011100000000
0000000011100000111100000000
0000000111110001111100000000
0000000111110011111000000000
0000000111111111110000000000
0000000011111111000000000000
0000000001111110000000000000
0000000000000000000000000000
0000000000000000000000000000
0000000000000000000000000000
