0000000000000000000000000000
0000000000000000000000000000
0000000000000000000000000000
0000000000000000000000000000
0000000000000000000000000000
0000000000000000000000000000
0000000000000000000000000000
0000000011111111111000000000
0000000111111111111000000000
0000001111111111100000000000
0000011111100000000000000000
0000011111000000000000000000
0000011110000000000000000000
0000011111111111111111000000
0000011111111111111111110000
0000011111111111111111111000
0000000000000000001111111000
0000000000000000000001111000
0000000000000000000001111000
0000000000000000001111111000
0000000000011111111111111000
0000000000011111111111110000
0000000000000111111100000000
0000000000000000000000000000
0000000000000000000000000000
0000000000000000000000000000
0000000000000000000000000000
0000000000000000000000000000
