0000000000000000000000000000
0000000000000000000000000000
0000000000000000000000000000
0000000000000000000000000000
0000000000000000000000000000
0000000000000000000000001000
0000000000000000000000111000
0000000000000000000011110000
0000000000000000001111100000
0000000000000011111111000000
0000000000000011111100000000
0000000000000011100000000000
0000000000000011000000000000
0000000000000111100000000000
0000000000000111100000000000
0000010000000011100000000000
0000011000000011100000000000
0000011100000111100000000000
0000011111111111100000000000
0000001111111110000000000000
0000000001110000000000000000
0000000000000000000000000000
0000000000000000000000000000
0000000000000000000000000000
0000000000000000000000000000
0000000000000000000000000000
0000000000000000000000000000
0000000000000000000000000000
