0000000000000000000000000000
0000000000000000000000000000
0000000000000000000000000000
0000000000000000000000000000
0000000000000000000000000000
0000000000000000111111110000
0000000000000011111111110000
0000000000001111111111100000
0000000000111111110000000000
0000000001111111100000000000
0000000011111111111110000000
0000000011111111111111000000
0000000111111111111111100000
0000000111111100000111100000
0000000011100000000011110000
0000001100000000000011110000
0000011100000000000011110000
0000111100000000000011100000
0000111000000000000111100000
0000111000000000001111100000
0000111100000000011111000000
0000111111000000111111000000
0000011111111111111100000000
0000000111111111111000000000
0000000011111111000000000000
0000000000000000000000000000
0000000000000000000000000000
0000000000000000000000000000
