0000000000000000000000000000
0000000000000000000000000000
0000000000000000000000000000
0000000000000000000000000000
0000000000000000000000000000
0000001100000111111111111100
0000001100001111111111111100
0000000000011111111111111000
0000000000011111111111000000
0000000000011111100000000000
0000000000111100000000000000
0000000001111100000000000000
0000000001111000000000000000
0000000011110000000000000000
0000000111111111000000000000
0000000111111111100000000000
0000000111111111100000000000
0000000111100011110000000000
0000000011000011110000000000
0000000011000011110000000000
0000000111000011100000000000
0000000111100111100000000000
0000000111111111100000000000
0000000111111111000000000000
0000000011111100000000000000
0000000000000000000000000000
0000000000000000000000000000
0000000000000000000000000000
