0000000000000000000000000000
0000000000000000000000000000
0000000000000000000000000000
0000000000000000000000000000
0000000000000000000000000000
0000000000000000000001111100
0000000000000000011111111100
0000000000000111111111111100
0000000000011111111110001100
0000000000111111100000001100
0000000000111100000000000000
0000000000111000000000000000
0000000001111000000000000000
0000000001110000000000000000
0000000011100000000000000000
0000000111111111110000000000
0000000111111111111000000000
0000000111111111111000000000
0000001110000000111000000000
0000001110000001111000000000
0000001111111111111000000000
0000001111111111110000000000
0000000011111110000000000000
0000000000000000000000000000
0000000000000000000000000000
0000000000000000000000000000
0000000000000000000000000000
0000000000000000000000000000
