0000000000000000000000000000
0000000000000000000000000000
0000000000000000000000000000
0000000000000000000000000000
0000000000000001111110000000
0000000000000011111110000000
0000000000000111110110000000
0000000000000111100000000000
0000000000001110000000000000
0000000000001110000000000000
0000000000001110000000000000
0000000000001110000000000000
0000000000000111000000000000
0000000000000111000000000000
0000000000000111100000000000
0000000000000011110000000000
0000000000000011110000000000
0000000000000001110000000000
0000000000000000111000000000
0000000000000000111000000000
0000000000100000111000000000
0000000011111111111000000000
0000000111111111111000000000
0000000110001111110000000000
0000000000000000000000000000
0000000000000000000000000000
0000000000000000000000000000
0000000000000000000000000000
