0000000000000000000000000000
0000000000000000000000000000
0000000000000000000000000000
0000000000000000000000000000
0000000000000000000000000000
0000000000000000000000000000
0000000000000000000000000000
0000000000000000000000000000
0000000000000000000011111000
0000000000000001111111111000
0000000000000111111111111000
0000000000000111111111000000
0000000000001111000000000000
0000000000011111100000000000
0000000001111111100000000000
0000000001111111100000000000
0000000001110011000000000000
0000011000000111000000000000
0000011100011111000000000000
0000011111111110000000000000
0000001111111100000000000000
0000000000000000000000000000
0000000000000000000000000000
0000000000000000000000000000
0000000000000000000000000000
0000000000000000000000000000
0000000000000000000000000000
0000000000000000000000000000
