0000000000000000000000000000
0000000000000000000000000000
0000000000000000000000000000
0000000000000000000000000000
0000000000011000000000000000
0000000000011110000000000000
0000000000111111111111100000
0000000000111111111111110000
0000000000111001111111100000
0000000001110000000000000000
0000000001110110000000000000
0000000001111111000000000000
0000000011111111110000000000
0000000011111111111100000000
0000000001100000111100000000
0000000000000000011100000000
0000000000000000001110000000
0000001100000000001110000000
0000001110000000011110000000
0000000111000000011100000000
0000000011110000111100000000
0000000001111111111000000000
0000000000111111111000000000
0000000000011111100000000000
0000000000000000000000000000
0000000000000000000000000000
0000000000000000000000000000
0000000000000000000000000000
