0000000000000000000000000000
0000000000000000000000000000
0000000000000000000000000000
0000000000000000000000000000
0000000000001111111100000000
0000000000111111111110000000
0000000001111111111110000000
0000000001111111111100000000
0000000001111111110000000000
0000000000111000000000000000
0000000000111000000000000000
0000000000111111110000000000
0000000000111111111100000000
0000000000111111111110000000
0000000000111111111110000000
0000000000111111111111000000
0000000000000000001111000000
0000000000000000000111000000
0000000000000000001111000000
0000000110001111111111000000
0000000111111111111111000000
0000001111111111111110000000
0000001111111111111100000000
0000001111111111110000000000
0000000000000000000000000000
0000000000000000000000000000
0000000000000000000000000000
0000000000000000000000000000
