0000000000000000000000000000
0000000000000000000000000000
0000000000000000000000000000
0000000000000000000000000000
0000000000000000000000000000
0000000000000000000000000000
0000000000000000000000000000
0000000000000000000000111000
0000000000000000001111111000
0000000000000011111111111000
0000000000000011111111111000
0000000000000011111111100000
0000000000000011100000000000
0000000000000011100000000000
0000000000000111000000000000
0000000000000111000000000000
0000000000001110000000000000
0000011110001110000000000000
0000011111011100000000000000
0000011111111000000000000000
0000000111111000000000000000
0000000011111000000000000000
0000000001110000000000000000
0000000001110000000000000000
0000000001100000000000000000
0000000000000000000000000000
0000000000000000000000000000
0000000000000000000000000000
