0000000000000000000000000000
0000000000000000000000000000
0000000000000000000000000000
0000000000000000000000000000
0000000000000001111111110000
0000000000000111111111111000
0000000000011111111111111000
0000000000011111111111111000
0000000000111110000000000000
0000000000111110000000000000
0000000001111111110000000000
0000000011111111111000000000
0000000011111111111000000000
0000000011111101111100000000
0000000000000001111100000000
0000000000000000111100000000
0000000000000000111100000000
0000000000000000111100000000
0000000000000001111100000000
0000011110000001111100000000
0000011111111111111000000000
0000011111111111111000000000
0000001111111111110000000000
0000000001111111000000000000
0000000000000000000000000000
0000000000000000000000000000
0000000000000000000000000000
0000000000000000000000000000
