0000000000000000000000000000
0000000000000000000000000000
0000000000000000000000000000
0000000000000000000000000000
0000000000000000000000000000
0000000011111111111110000000
0000000011111111111111111000
0000000011110111111111111000
0000000111110000000000000000
0000000111000000000000000000
0000000111000000000000000000
0000000111111111111000000000
0000000111111111111110000000
0000000011111111111111000000
0000000000000000001111100000
0000000000000000000011110000
0000000000000000000001110000
0000000000000000000011110000
0000000000000000000111100000
0000000000000000000111100000
0000001000000000001111100000
0000011100000001111111000000
0000011111111111111100000000
0000001111111111111000000000
0000000011111111100000000000
0000000000000000000000000000
0000000000000000000000000000
0000000000000000000000000000
