0000000000000000000000000000
0000000000000000000000000000
0000000000000000000000000000
0000000000000000000000000000
0000000000000000000000000000
0000000000000000000000000000
0000000000000000000000000000
0000000000000000000000000000
0000000000000111111111100000
0000000011111111111111000000
0000000111111111110000000000
0000000011110000000000000000
0000000000110000000000000000
0000000001110000001111100000
0000000001111111111111111100
0000000011111111100000001100
0000000111111000000000111100
0000001111000000000001111000
0000001111000000001111100000
0000001110000000111111000000
0000001110000001111100000000
0000001100000001110000000000
0000000000000000000000000000
0000000000000000000000000000
0000000000000000000000000000
0000000000000000000000000000
0000000000000000000000000000
0000000000000000000000000000
