0000000000000000000000000000
0000000000000000000000000000
0000000000000000000000000000
0000000000000000000000000000
0000000000000000000000000000
0000000000000000000000000000
0000000000011100001011111000
0000000000111111111111111000
0000000000111111111111111000
0000000001111111111000010000
0000000001111000000000000000
0000000011110000000000000000
0000000111111111100000000000
0000000111111111110000000000
0000000111110111111000000000
0000000000000000111100000000
0000011100000000111100000000
0000011100000000011100000000
0000011110000000111100000000
0000011110000001111100000000
0000001111000111111000000000
0000001111111111111000000000
0000000111111111100000000000
0000000011111110000000000000
0000000000000000000000000000
0000000000000000000000000000
0000000000000000000000000000
0000000000000000000000000000
