0000000000000000000000000000
0000000000000000000000000000
0000000000000000000000000000
0000000000000000000000000000
0000000000000000000000000000
0000000000000000000000000000
0000000000000000000000000000
0000000000000000001111111000
0000000000000011111111111000
0000000000001111111111111000
0000000000011111111111111000
0000000001111111111111111000
0000000011111111100000000000
0000000011111111100000000000
0000000011111111100000000000
0000000001111111110000000000
0000000001111011110000000000
0000011100000111110000000000
0000011110011111100000000000
0000011111111111100000000000
0000011111111111100000000000
0000011111111100000000000000
0000000111100000000000000000
0000000000000000000000000000
0000000000000000000000000000
0000000000000000000000000000
0000000000000000000000000000
0000000000000000000000000000
