0000000000000000000000000000
0000000000000000000000000000
0000000000000000000000000000
0000000000000000000000000000
0000000000000000000000000000
0000000000000000000000000000
0000000000000000000000000000
0000000000000000000000000000
0000000000000000001111111100
0000000000001111111111111100
0000000000011111111111111100
0000000000011111111111111100
0000000000011111111111111100
0000000000011111000000000000
0000000000011111100000000000
0000001111000111100000000000
0000001111111111110000000000
0000001111111111110000000000
0000001111111111110000000000
0000001111111111100000000000
0000000111111110000000000000
0000000011111110000000000000
0000000000000000000000000000
0000000000000000000000000000
0000000000000000000000000000
0000000000000000000000000000
0000000000000000000000000000
0000000000000000000000000000
