0000000000000000000000000000
0000000000000000000000000000
0000000000000000000000000000
0000000000000000000000000000
0000000000000000000000000000
0000000000000000000000000000
0000000000000000000011100000
0000000000000111111111111100
0000000000111111111111111100
0000000001111111111111111100
0000000011111111100000001100
0000000011110000000000000000
0000000011111110000000000000
0000000011111111100000000000
0000000011111111111000000000
0000000000011111111100000000
0000001000000011111100000000
0000001100000000111100000000
0000001111100000011100000000
0000001111111000111100000000
0000001111111111111000000000
0000000111111111111000000000
0000000001111111110000000000
0000000000001111000000000000
0000000000000000000000000000
0000000000000000000000000000
0000000000000000000000000000
0000000000000000000000000000
