0000000000000000000000000000
0000000000000000000000000000
0000000000000000000000000000
0000000000000000000000000000
0000000000000000111111000000
0000000001110111111111000000
0000000001111111111111000000
0000000001111111111000000000
0000000011111111000000000000
0000000011100000000000000000
0000000001111000000000000000
0000000001111100000000000000
0000000001111111000000000000
0000000000011111001000000000
0000000000000000111110000000
0000000100000000111110000000
0000000110000000001111000000
0000000110000000000011100000
0000000110000000000011100000
0000000111000000000011100000
0000000111100000000111100000
0000000011111111111111100000
0000000001111111111111000000
0000000000111111111110000000
0000000000000000000000000000
0000000000000000000000000000
0000000000000000000000000000
0000000000000000000000000000
