0000000000000000000000000000
0000000000000000000000000000
0000000000000000000000000000
0000000000000000000000000000
0000000000000001111110000000
0000000000001111111100000000
0000000000001111100000000000
0000000000011110000000000000
0000000000011100000000000000
0000000000111100000000000000
0000000000111000000000000000
0000000000111000000000000000
0000000000111100000000000000
0000000000111111100000000000
0000000000001111111000000000
0000000000000001111100000000
0000000000100000011110000000
0000000001100000001110000000
0000000001100000000110000000
0000000001100000001110000000
0000000001110000011110000000
0000000000111000111100000000
0000000000111111111000000000
0000000000011111110000000000
0000000000000000000000000000
0000000000000000000000000000
0000000000000000000000000000
0000000000000000000000000000
