0000000000000000000000000000
0000000000000000000000000000
0000000000000000000000000000
0000000000000000000000000000
0000000000000000000000000000
0000000001111111111110000000
0000000001111111111110000000
0000000011111111100000000000
0000000001110000000000000000
0000000001110000000000000000
0000000001111000000000000000
0000000001111111000000000000
0000000001111111110000000000
0000000001111111111000000000
0000000001111100111100000000
0000000001111000011110000000
0000000001111000001111000000
0000000001110000001111000000
0000000011100000000111000000
0000000011100000000111000000
0000000011000000000111000000
0000000011100000001111000000
0000000011111100111110000000
0000000001111111111100000000
0000000000011111110000000000
0000000000000000000000000000
0000000000000000000000000000
0000000000000000000000000000
