0000000000000000000000000000
0000000000000000000000000000
0000000000000000000000000000
0000000000000000000000000000
0000000000000000011111100000
0000000000011111111111100000
0000000111111111111111100000
0000001111111111111000000000
0000001111110000000000000000
0000001111100000000000000000
0000001111111000000000000000
0000000111111110000000000000
0000000001111111100000000000
0000000000011111111000000000
0000000000000111111100000000
0000000000000000111100000000
0000011100000000111110000000
0000011100000000001111000000
0000001111000000001111100000
0000001111100000000111100000
0000000111111000000111100000
0000000001111110001111100000
0000000000111111111111100000
0000000000001111111110000000
0000000000000000000000000000
0000000000000000000000000000
0000000000000000000000000000
0000000000000000000000000000
