0000000000000000000000000000
0000000000000000000000000000
0000000000000000000000000000
0000000000000000000000000000
0000000000111111110000000000
0000000000111111110000000000
0000000000111111110000000000
0000000000111000000000000000
0000000000111000000000000000
0000000000111000111000000000
0000000000011011111100000000
0000000000011111111100000000
0000000000011111111100000000
0000000000001110001110000000
0000000000000000001110000000
0000000000000000001110000000
0000000110000000011100000000
0000000110000000111100000000
0000000111000000111100000000
0000000111000001111000000000
0000000111000001111000000000
0000000011111111111000000000
0000000001111111100000000000
0000000001111111000000000000
0000000000000000000000000000
0000000000000000000000000000
0000000000000000000000000000
0000000000000000000000000000
