0000000000000000000000000000
0000000000000000000000000000
0000000000000000000000000000
0000000000000000000000000000
0000000000011111111110000000
0000000110011111111111100000
0000001110111111111111100000
0000001110111100000000000000
0000001100110000000000000000
0000011100000000000000000000
0000111101111111110000000000
0000111111111111111100000000
0000111111111111111110000000
0000011111111000111111000000
0000000000000000000111100000
0000000000000000000111100000
0000000110000000000111100000
0000001110000000000111100000
0000001110000000000011110000
0000001110000000000111110000
0000001111100000001111100000
0000001111111111111111100000
0000000111111111111111100000
0000000001111111111110000000
0000000000000000000000000000
0000000000000000000000000000
0000000000000000000000000000
0000000000000000000000000000
