0000000000000000000000000000
0000000000000000000000000000
0000000000000000000000000000
0000000000000000000000000000
0000000000000000000000000000
0000000000000000000000000000
0000000000000000000000001110
0000000000000000000001111110
0000000000000000111111111110
0000000000000001111111111110
0000000000001111111111110000
0000000000111111111110000000
0000000011111111000000000000
0000000111111110000000000000
0000000111111111000000000000
0000000111111111110000000000
0000000111111111110000000000
0000000111101111110000000000
0000000111111111110000000000
0000000111111111110000000000
0000000001111111000000000000
0000000000111000000000000000
0000000000000000000000000000
0000000000000000000000000000
0000000000000000000000000000
0000000000000000000000000000
0000000000000000000000000000
0000000000000000000000000000
