0000000000000000000000000000
0000000000000000000000000000
0000000000000000000000000000
0000000000000000000000000000
0000000000000000000000000000
0000000000000000000000000000
0000000000000000000000000000
0000000000000000000000011100
0000000000000000000111111100
0000000000000000011111111100
0000000000000111111111111000
0000000000011111111100000000
0000000001111111110000000000
0000000001111110000000000000
0000000001111110000000000000
0000000000111110000000000000
0000000000001110000000000000
0000000000001110000000000000
0000001100001110000000000000
0000001110011110000000000000
0000001111111100000000000000
0000001111111100000000000000
0000000011100000000000000000
0000000000000000000000000000
0000000000000000000000000000
0000000000000000000000000000
0000000000000000000000000000
0000000000000000000000000000
