0000000000000000000000000000
0000000000000000000000000000
0000000000000000000000000000
0000000000000000000000000000
0000000000000000000000000000
0000000000000000000000111100
0000000000001100000011111100
0000000000001111111111111000
0000000000011111111111110000
0000000000011111111110000000
0000000001111100000000000000
0000000001111000000000000000
0000000111111110000000000000
0000000111111111000000000000
0000000111111111100000000000
0000000000000111100000000000
0000000000000111100000000000
0000001100000011100000000000
0000001100000011100000000000
0000001110000011100000000000
0000001111000111100000000000
0000001111110111100000000000
0000000111111111000000000000
0000000011111111000000000000
0000000001111110000000000000
0000000000000000000000000000
0000000000000000000000000000
0000000000000000000000000000
