0000000000000000000000000000
0000000000000000000000000000
0000000000000000000000000000
0000000000000000000000000000
0000000000000000000000000000
0000000000000000000000000000
0000000000000000000000000000
0000000000000000000000000000
0000000000000000000000000000
0000000000000011111111111100
0000000000001111111111111100
0000000000011110000000000000
0000000000111100000000000000
0000000001111000000000000000
0000000001111111110000000000
0000000001111110110000000000
0000000000000001110000000000
0000000000000011110000000000
0000000000000011100000000000
0000001100001111000000000000
0000001110001110000000000000
0000001111111100000000000000
0000001111110000000000000000
0000000000000000000000000000
0000000000000000000000000000
0000000000000000000000000000
0000000000000000000000000000
0000000000000000000000000000
