0000000000000000000000000000
0000000000000000000000000000
0000000000000000000000000000
0000000000000000000000000000
0000000000000000001111110000
0000000000000011111111111000
0000000000001111111111111000
0000000000001111111111111000
0000000000011111111100000000
0000000000011111000000000000
0000000001111111000000000000
0000000011111111100000000000
0000000111111111111100000000
0000000111111111111100000000
0000000111111111111110000000
0000000111111000011110000000
0000000100000000011110000000
0000011100000000111110000000
0000011100000001111110000000
0000011111101111111100000000
0000011111111111111000000000
0000011111111111110000000000
0000000011111111100000000000
0000000000111100000000000000
0000000000000000000000000000
0000000000000000000000000000
0000000000000000000000000000
0000000000000000000000000000
