0000000000000000000000000000
0000000000000000000000000000
0000000000000000000000000000
0000000000000000000000000000
0000000000000000000000011100
0000000000000000000001111100
0000000000000000000111111100
0000000000000000001111111100
0000000000000111111111111100
0000000000001111111111000000
0000000000111111111110000000
0000000001111111110000000000
0000000011111111000000000000
0000000111111111110000000000
0000001111111111111000000000
0000001111111111111100000000
0000001111110001111100000000
0000001111100001111100000000
0000000111000011111000000000
0000001111000011111000000000
0000001111111111111000000000
0000001111111111110000000000
0000001111111111110000000000
0000000111111111000000000000
0000000000000000000000000000
0000000000000000000000000000
0000000000000000000000000000
0000000000000000000000000000
