0000000000000000000000000000
0000000000000000000000000000
0000000000000000000000000000
0000000000000000000000000000
0000000000000000000000000000
0000000000011110000000000000
0000000000011111111000000000
0000000000011111111111000000
0000000000011101111111100000
0000000000111100000001110000
0000000000111000000000010000
0000000001110000000000000000
0000000001110000000000000000
0000000011111100000000000000
0000000011111111000000000000
0000000011110111100000000000
0000000000000011110000000000
0000000000000001110000000000
0000000000000000111000000000
0000000011000000111000000000
0000000011000000111000000000
0000000111100000011000000000
0000000011111100111000000000
0000000001111111111000000000
0000000000011111111000000000
0000000000000000000000000000
0000000000000000000000000000
0000000000000000000000000000
