0000000000000000000000000000
0000000000000000000000000000
0000000000000000011110000000
0000000000000000111110000000
0000000000000001111110000000
0000000000000011111100000000
0000000000001111111000000000
0000000000001111100000000000
0000000000011111000000000000
0000000000111110000000000000
0000000001111100000000000000
0000000001111000000000000000
0000000001111001111111000000
0000000011110011111111100000
0000000111111111111111100000
0000000111111111100011100000
0000000111111110000011100000
0000000111111000001111100000
0000000111111000011111100000
0000000111111111111111000000
0000000111111111111110000000
0000000001111111111000000000
0000000000000000000000000000
0000000000000000000000000000
0000000000000000000000000000
0000000000000000000000000000
0000000000000000000000000000
0000000000000000000000000000
