0000000000000000000000000000
0000000000000000000000000000
0000000000011100000000000000
0000000000111100000000000000
0000000000111100000000000000
0000000000111000000000000000
0000000000111000000000000000
0000000000111000000000000000
0000000000111000000000000000
0000000000111110000000000000
0000000000111111000000000000
0000000000111111110000000000
0000000001110011111000000000
0000000000110001111100000000
0000000000110000111100000000
0000000000110000011100000000
0000000000110000011100000000
0000000000111000011100000000
0000000000111100111100000000
0000000000111111111100000000
0000000000011111111100000000
0000000000001111111000000000
0000000000000000000000000000
0000000000000000000000000000
0000000000000000000000000000
0000000000000000000000000000
0000000000000000000000000000
0000000000000000000000000000
