0000000000000000000000000000
0000000000000000000000000000
0000000000000000000000000000
0000000000001111100000000000
0000000000011111100000000000
0000000000111111100000000000
0000000000111111100000000000
0000000001111110000000000000
0000000001111110000000000000
0000000001111110000000000000
0000000011111100000000000000
0000000011111000000000000000
0000000011111000111100000000
0000000111111111111111100000
0000000111111111111111110000
0000000111111111111111110000
0000000111111100000111111000
0000000011111000000111110000
0000000111111000001111110000
0000000111111000111111100000
0000000011111111111111100000
0000000001111111111110000000
0000000000011111111000000000
0000000000000000000000000000
0000000000000000000000000000
0000000000000000000000000000
0000000000000000000000000000
0000000000000000000000000000
