0000000000000000000000000000
0000000000000000000000000000
0000000000000011000000000000
0000000000000111000000000000
0000000000001111000000000000
0000000000001110000000000000
0000000000011110000000000000
0000000000111100000000000000
0000000000111000000000000000
0000000001110000000000000000
0000000001110000000000000000
0000000001100000000000000000
0000000011100011111110000000
0000000011100111111110000000
0000000011101111100110000000
0000000011101110000110000000
0000000011101100000110000000
0000000011100000000110000000
0000000001110000001110000000
0000000001111100011100000000
0000000000111111111100000000
0000000000011111111000000000
0000000000000000000000000000
0000000000000000000000000000
0000000000000000000000000000
0000000000000000000000000000
0000000000000000000000000000
0000000000000000000000000000
