0000000000000000000000000000
0000000000000000000000000000
0000000000000001110000000000
0000000000000001110000000000
0000000000000001110000000000
0000000000000001100000000000
0000000000000011100000000000
0000000000000111100000000000
0000000000000111000000000000
0000000000001111000000000000
0000000000001110000000000000
0000000000001110000000000000
0000000000011110000000000000
0000000000011110111000000000
0000000000111101111100000000
0000000000111111111100000000
0000000000111111111100000000
0000000000111111111100000000
0000000000111111111100000000
0000000000111111111100000000
0000000000111111111000000000
0000000000011111110000000000
0000000000000000000000000000
0000000000000000000000000000
0000000000000000000000000000
0000000000000000000000000000
0000000000000000000000000000
0000000000000000000000000000
