0000000000000000000000000000
0000000000000000000000000000
0000000000000000000000000000
0000000000000111100000000000
0000000000000111110000000000
0000000000000111100000000000
0000000000001111100000000000
0000000000001111100000000000
0000000000001111000000000000
0000000000011111000000000000
0000000000011111000000000000
0000000000111110000000000000
0000000000111110000000000000
0000000000111100000000000000
0000000000111100000000000000
0000000000111111110000000000
0000000000111111111100000000
0000000000111011111110000000
0000000000111000011111000000
0000000000111100001111000000
0000000000111111111111000000
0000000000011111111110000000
0000000000001111111100000000
0000000000000000000000000000
0000000000000000000000000000
0000000000000000000000000000
0000000000000000000000000000
0000000000000000000000000000
