0000000000000000000000000000
0000000001111000000000000000
0000000011111000000000000000
0000000011111000000000000000
0000000011111000000000000000
0000000111110000000000000000
0000000111110000000000000000
0000000111110000000000000000
0000000111100000000000000000
0000000111100000000000000000
0000000111100000000000000000
0000000111100000000000000000
0000000111110000000011110000
0000000111110000000111111000
0000000111110000001111111000
0000000011111000111111111000
0000000011111111111111111000
0000000001111111111111111000
0000000000111111111111111000
0000000000111111111111110000
0000000000011111111111100000
0000000000000000000000000000
0000000000000000000000000000
0000000000000000000000000000
0000000000000000000000000000
0000000000000000000000000000
0000000000000000000000000000
0000000000000000000000000000
