0000000000000000000000000000
0000000000000000000000000000
0000000000000000011000000000
0000000000000000111000000000
0000000000000001111000000000
0000000000000011111000000000
0000000000000111110000000000
0000000000000111100000000000
0000000000001111000000000000
0000000000011110000000000000
0000000000111100001111110000
0000000000111100001111110000
0000000000111000011110110000
0000000001111011111001110000
0000000011110111110011100000
0000000111100111111111000000
0000000111100111011110000000
0000000111100111111100000000
0000000011100111111000000000
0000000011111111111000000000
0000000011111111111100000000
0000000001111100000100000000
0000000000000000000000000000
0000000000000000000000000000
0000000000000000000000000000
0000000000000000000000000000
0000000000000000000000000000
0000000000000000000000000000
