0000000000000000000000000000
0000000000000000000000000000
0000000000000000000000000000
0000000001110000000000000000
0000000001110000000000000000
0000000001110000000000000000
0000000011110000000000000000
0000000011100000000000000000
0000000011100000000000000000
0000000111000000000000000000
0000000111000000011111100000
0000000111000000111111110000
0000000111000001111111110000
0000000111000011111001111000
0000000111000011110001111000
0000000111000011100000111000
0000000111000111000000111000
0000000111000111000001110000
0000000111100111000011110000
0000000011110110000111100000
0000000011111111111111000000
0000000000111111111110000000
0000000000011111110000000000
0000000000000000000000000000
0000000000000000000000000000
0000000000000000000000000000
0000000000000000000000000000
0000000000000000000000000000
