0000000000000000000000000000
0000000000000000000000000000
0000000000000000000000000000
0000000000000000001111000000
0000000000000000011110000000
0000000000000000011100000000
0000000000000000111000000000
0000000000000000111000000000
0000000000000001110000000000
0000000000000001110000000000
0000000000000011100000000000
0000000000001111100000000000
0000000000001111110000000000
0000000000001111111000000000
0000000000011100111000000000
0000000000011100111000000000
0000000000111000111000000000
0000000000111001110000000000
0000000001110011110000000000
0000000011100111100000000000
0000000011111110000000000000
0000000011111100000000000000
0000000011111000000000000000
0000000000000000000000000000
0000000000000000000000000000
0000000000000000000000000000
0000000000000000000000000000
0000000000000000000000000000
