0000000000000000000000000000
0000000011100000000000000000
0000000111110000000000000000
0000000111110000000000000000
0000001111111000000000000000
0000001111110000000000000000
0000001111100000000000000000
0000001111100000000000000000
0000001111100000000000000000
0000001111100000000000000000
0000001111000000000000000000
0000001111000011111111100000
0000001111000111111111110000
0000001111011111111111110000
0000001111111111111111111000
0000001111111111111111111100
0000000111111111111111111100
0000000111111111111111111100
0000000111111111111111111000
0000000001111111111111111000
0000000001111111111111100000
0000000000000000000000000000
0000000000000000000000000000
0000000000000000000000000000
0000000000000000000000000000
0000000000000000000000000000
0000000000000000000000000000
0000000000000000000000000000
