0000000000000000000000000000
0000000000000000000000000000
0000000000011100000000000000
0000000000111000000000000000
0000000001111000000000000000
0000000001111000000000000000
0000000001111000000000000000
0000000001110000000000000000
0000000011110000000000000000
0000000011110000000000000000
0000000011110000000000000000
0000000011110000000000000000
0000000011110000111100000000
0000000001110001111111000000
0000000001110011111111100000
0000000001111011110111100000
0000000001111011100011110000
0000000001111011100001110000
0000000001111111111111110000
0000000000011111111111100000
0000000000011111111111000000
0000000000000111111111000000
0000000000000000000000000000
0000000000000000000000000000
0000000000000000000000000000
0000000000000000000000000000
0000000000000000000000000000
0000000000000000000000000000
