0000000000000000000000000000
0000000000000000000000000000
0000000000000000000000000000
0000000000000000000000000000
0000000000000011100000000000
0000000000111111111000000000
0000000001111111111000000000
0000000111111111111000000000
0000000111111111110000000000
0000001111111100000000000000
0000001111110000000000000000
0000011111100000111000000000
0000011111000011111111000000
0000011111000111111111100000
0000011111001111111111110000
0000011111001111111111111000
0000011111001111100011111000
0000001111111111000011111000
0000001111111111111111111000
0000000111111111111111111000
0000000011111111111111110000
0000000000111111111111000000
0000000000011111111000000000
0000000000000111000000000000
0000000000000000000000000000
0000000000000000000000000000
0000000000000000000000000000
0000000000000000000000000000
