0000000000000000000000000000
0000000000000000000000000000
0000000000000011110000000000
0000000000000011110000000000
0000000000000011100000000000
0000000000000111100000000000
0000000000000111000000000000
0000000000000111000000000000
0000000000001110000000000000
0000000000001110000000000000
0000000000001110000000000000
0000000000011100000000000000
0000000000011100000000000000
0000000000011100111100000000
0000000000111111111111000000
0000000000111111111111000000
0000000000111111001111000000
0000000000111110001111000000
0000000000111101111110000000
0000000000111111111100000000
0000000000111111111000000000
0000000000111111100000000000
0000000000000000000000000000
0000000000000000000000000000
0000000000000000000000000000
0000000000000000000000000000
0000000000000000000000000000
0000000000000000000000000000
