0000000000000000000000000000
0000000000000000000000000000
0000000000000000000000000000
0000000000000001111110000000
0000000000001111111111000000
0000000000111111111111000000
0000000000111111101110000000
0000000001111111001110000000
0000000001111100000000000000
0000000011111100000000000000
0000000111111000000000000000
0000000111110000011111100000
0000000111110000111111110000
0000001111100111111111110000
0000001111101111111111110000
0000001111111111111011110000
0000001111111111100111110000
0000001111111110001111110000
0000001111111100111111100000
0000000111111001111111000000
0000001111111111111110000000
0000001111111111111100000000
0000000111111111110000000000
0000000000000000000000000000
0000000000000000000000000000
0000000000000000000000000000
0000000000000000000000000000
0000000000000000000000000000
