0000000000000000000000000000
0000000000000000000000000000
0000000000000111000000000000
0000000000001111000000000000
0000000000001111000000000000
0000000000001110000000000000
0000000000001110000000000000
0000000000011110000000000000
0000000000011100000000000000
0000000000111100000000000000
0000000000111100001100000000
0000000001111100111110000000
0000000001111001111110000000
0000000001110011111110000000
0000000011110111111111000000
0000000011111111101111000000
0000000011101111001110000000
0000000011111110011110000000
0000000011111110111100000000
0000000011111111111100000000
0000000011111111111000000000
0000000001111111100000000000
0000000000000000000000000000
0000000000000000000000000000
0000000000000000000000000000
0000000000000000000000000000
0000000000000000000000000000
0000000000000000000000000000
