0000000000000000000000000000
0000000000000000000000000000
0000000000000000000000000000
0000000000000000001111100000
0000000000000000011111100000
0000000000000000111111000000
0000000000000011111100000000
0000000000000111111000000000
0000000000001111100000000000
0000000000011111000000000000
0000000000011110000000000000
0000000000111110011111000000
0000000001111000111111100000
0000000011111011111111110000
0000000111110111100011110000
0000000111111111000011110000
0000001111011110000111100000
0000001111111100011111000000
0000001111111000111110000000
0000001111111111111000000000
0000001111111111110000000000
0000001111111111000000000000
0000000111111100000000000000
0000000000000000000000000000
0000000000000000000000000000
0000000000000000000000000000
0000000000000000000000000000
0000000000000000000000000000
