0000000000000000000000000000
0000000000000000000000000000
0000000000000000000000000000
0000000000000000001111000000
0000000000000000011111000000
0000000000000001111111000000
0000000000000001111100000000
0000000000000111110000000000
0000000000000111100000000000
0000000000001111000000000000
0000000000011110000000000000
0000000000111100000000000000
0000000001111100000110000000
0000000001111001111111000000
0000000011110011111111000000
0000000011101111000111000000
0000000011111110001111000000
0000000011111000011110000000
0000000011111001111100000000
0000000011111111111000000000
0000000011111111100000000000
0000000011111110000000000000
0000000011111000000000000000
0000000000000000000000000000
0000000000000000000000000000
0000000000000000000000000000
0000000000000000000000000000
0000000000000000000000000000
