0000000000000000000000000000
0000000000000000000000000000
0000000000000000000000000000
0000000001111000000000000000
0000000011111000000000000000
0000000011111000000000000000
0000000011110000000000000000
0000000011110000000000000000
0000000111110000000000000000
0000000111100011111110000000
0000000111100111111111100000
0000001111100111111111100000
0000001111001111110111100000
0000001111011111000011110000
0000001111011110000011110000
0000001111011110000011110000
0000001111011110000011110000
0000001111111110000111100000
0000000111111111001111100000
0000000111111111111111000000
0000000011111111111110000000
0000000000111111111110000000
0000000000001111111100000000
0000000000000000000000000000
0000000000000000000000000000
0000000000000000000000000000
0000000000000000000000000000
0000000000000000000000000000
