0000000000000000000000000000
0000000000000000000000000000
0000000000000000000000000000
0000000000000000000000000000
0000000000000011111100000000
0000000000000111111111000000
0000000000001111111111000000
0000000000111111000111000000
0000000000111111110111000000
0000000001111101110011000000
0000000001111111100001000000
0000000001111011000000000000
0000000001111001100000000000
0000000001111111110000000000
0000000011111111111000000000
0000000111111111111000000000
0000000111111101111000000000
0000000111110001111100000000
0000000111110001111100000000
0000000011111001111100000000
0000000001111001111000000000
0000000001111111111000000000
0000000000111111110000000000
0000000000111111110000000000
0000000000000000000000000000
0000000000000000000000000000
0000000000000000000000000000
0000000000000000000000000000
