0000000000000000000000000000
0000000000000000000000000000
0000000000001111000000000000
0000000000011111000000000000
0000000000111111000000000000
0000000000111110000000000000
0000000001111110000000000000
0000000011111100000000000000
0000000011111000000000000000
0000000111111000000000000000
0000000111111000000000000000
0000000111110000000000000000
0000000111100001111111100000
0000001111100111111111100000
0000001111101111111111110000
0000001111101111111111110000
0000001111111111111111110000
0000000111111111111111110000
0000000111111111111111100000
0000000111111111111111100000
0000000011111111111111000000
0000000000111111111100000000
0000000000000000000000000000
0000000000000000000000000000
0000000000000000000000000000
0000000000000000000000000000
0000000000000000000000000000
0000000000000000000000000000
