0000000000000000000000000000
0000000000000000000000000000
0000000000000011100000000000
0000000000000111100000000000
0000000000000111100000000000
0000000000001111000000000000
0000000000011111000000000000
0000000000011110000000000000
0000000000111100000000000000
0000000000111000000000000000
0000000001111000011100000000
0000000001110011111110000000
0000000001110111111111000000
0000000011101111111111000000
0000000011111111100111000000
0000000011111111000111000000
0000000011111110011111000000
0000000011111101111111000000
0000000011111111111110000000
0000000011111111111100000000
0000000001111111111000000000
0000000001111110000000000000
0000000000000000000000000000
0000000000000000000000000000
0000000000000000000000000000
0000000000000000000000000000
0000000000000000000000000000
0000000000000000000000000000
