0000000000000000000000000000
0000000000000000000000000000
0000000000000111000000000000
0000000000001111000000000000
0000000000001111000000000000
0000000000011110000000000000
0000000000111110000000000000
0000000000111100000000000000
0000000001111000000000000000
0000000011111000000000000000
0000000011110000000000000000
0000000111100000000000000000
0000000111000000000000000000
0000000111000000011110000000
0000000111000011111111100000
0000000111000111111111100000
0000000111001111111111100000
0000000111101111001111100000
0000000111111110111111100000
0000000111111111111111000000
0000000011111111111100000000
0000000000111111100000000000
0000000000000000000000000000
0000000000000000000000000000
0000000000000000000000000000
0000000000000000000000000000
0000000000000000000000000000
0000000000000000000000000000
