0000000000000000000000000000
0000000000000000000000000000
0000000000000011110000000000
0000000000000111110000000000
0000000000001111000000000000
0000000000011110000000000000
0000000000011110000000000000
0000000000111100000000000000
0000000000111100000000000000
0000000000111000000000000000
0000000001110000000000000000
0000000001110000000000000000
0000000001110000000000000000
0000000011110000000000000000
0000000011100001111110000000
0000000011100011111111000000
0000000011100111111111000000
0000000011100111001111000000
0000000011110111011111000000
0000000001111111111100000000
0000000001111111111000000000
0000000000111111110000000000
0000000000000000000000000000
0000000000000000000000000000
0000000000000000000000000000
0000000000000000000000000000
0000000000000000000000000000
0000000000000000000000000000
