0000000000000000000000000000
0000000000000000000000000000
0000000000000000000000000000
0000000000000000011110000000
0000000000000000111110000000
0000000000000001111100000000
0000000000000011111000000000
0000000000000111110000000000
0000000000001111110000000000
0000000000001111100000000000
0000000000011111000000000000
0000000000111110000000000000
0000000000111100011100000000
0000000001111100111110000000
0000000001111011111111000000
0000000011110111111111000000
0000000011111111101111000000
0000000011111111111110000000
0000000011111111111100000000
0000000011111111111100000000
0000000001111111111000000000
0000000000111111100000000000
0000000000001110000000000000
0000000000000000000000000000
0000000000000000000000000000
0000000000000000000000000000
0000000000000000000000000000
0000000000000000000000000000
