0000000000000000000000000000
0000000000000000000000000000
0000000000011100000000000000
0000000000011100000000000000
0000000000111100000000000000
0000000000111100000000000000
0000000000111100000000000000
0000000001111000000000000000
0000000001111000000000000000
0000000001110000000000000000
0000000011110000000000000000
0000000011110000111110000000
0000000011100001111111000000
0000000011100011111111000000
0000000011100111110111000000
0000000011100111100111000000
0000000011110111100111000000
0000000011110111001111000000
0000000001110111011111000000
0000000001111111111110000000
0000000000111111111100000000
0000000000011111111000000000
0000000000000000000000000000
0000000000000000000000000000
0000000000000000000000000000
0000000000000000000000000000
0000000000000000000000000000
0000000000000000000000000000
