0000000000000000000000000000
0000000000000000000000000000
0000000000111000000000000000
0000000001111000000000000000
0000000011111000000000000000
0000000011111000000000000000
0000000001111000000000000000
0000000011110000000000000000
0000000011110000000000000000
0000000011110000000000000000
0000000011110000111111110000
0000000111100001111111110000
0000000111100001111111111000
0000000111100011111001111000
0000000111100011110001111000
0000000111100011110011110000
0000000111110111100111110000
0000000111110111101111100000
0000000011111111111111100000
0000000011111111111111000000
0000000000111111111100000000
0000000000011111111000000000
0000000000000000000000000000
0000000000000000000000000000
0000000000000000000000000000
0000000000000000000000000000
0000000000000000000000000000
0000000000000000000000000000
