0000000000000000000000000000
0000000000000001111000000000
0000000000000011110000000000
0000000000000111110000000000
0000000000000111110000000000
0000000000001111100000000000
0000000000011111000000000000
0000000000111110000000000000
0000000000111110000000000000
0000000001111100000000000000
0000000001111000000000000000
0000000011110000000000000000
0000000011110000000011000000
0000000111110000111111100000
0000000111100011111111110000
0000000111101111111111111000
0000000111111111111111111000
0000000111111111100001111000
0000000111111110000001111000
0000000111111111000111110000
0000000011111111111111110000
0000000000000000000000000000
0000000000000000000000000000
0000000000000000000000000000
0000000000000000000000000000
0000000000000000000000000000
0000000000000000000000000000
0000000000000000000000000000
