0000000000000000000000000000
0000000000000000000000000000
0000000000000000000000000000
0000000000000000111100000000
0000000000000011111100000000
0000000000000111111100000000
0000000000000111111000000000
0000000000011111110000000000
0000000000011111100000000000
0000000000011111000000000000
0000000000111111000000000000
0000000001111110011111110000
0000000001111110111111111000
0000000011111111111111111000
0000000011110111111111111000
0000000111110111111001111000
0000000111111111110001111000
0000000111111111100011110000
0000000111111111110111100000
0000000111111111111110000000
0000000111111111111000000000
0000000111111111110000000000
0000000001101111110000000000
0000000000000000000000000000
0000000000000000000000000000
0000000000000000000000000000
0000000000000000000000000000
0000000000000000000000000000
