0000000000000000000000000000
0000000000000000000000000000
0000000000000000000000000000
0000000000000000000011111100
0000000000000000000111111100
0000000000000000011111110000
0000000000000000111111000000
0000000000000011111100000000
0000000000000111111000000000
0000000000001111100000000000
0000000000011111000000000000
0000000000011110000000000000
0000000001111100000000000000
0000000011111000000000000000
0000000011100000000000000000
0000000111101111111000000000
0000000111011111111100000000
0000001111011111111110000000
0000001110001100111110000000
0000001110000111111110000000
0000001111111111111110000000
0000001111111111111000000000
0000000011111111000000000000
0000000000000000000000000000
0000000000000000000000000000
0000000000000000000000000000
0000000000000000000000000000
0000000000000000000000000000
