0000000000000000000000000000
0000000000000000000000000000
0000000001111000000000000000
0000000011111100000000000000
0000000111111110000000000000
0000000111111110000000000000
0000001111001110000000000000
0000001111000110000000000000
0000011110000110000000000000
0000011110000000000000000000
0000011110000000000000000000
0000011111000000000000000000
0000011110000000111111110000
0000011110000001111111110000
0000001111100011111111111000
0000000111100111111111111000
0000000111110111111111111000
0000000111111111100011111000
0000000011111111000111111000
0000000001111111111111111000
0000000000111111111111000000
0000000000011111111110000000
0000000000000000000000000000
0000000000000000000000000000
0000000000000000000000000000
0000000000000000000000000000
0000000000000000000000000000
0000000000000000000000000000
