0000000000000000000000000000
0000000000000000000000000000
0000000000000000000000000000
0000000000000000001110000000
0000000000000000011110000000
0000000000000000111110000000
0000000000000001111100000000
0000000000000011111000000000
0000000000000111110000000000
0000000000001111000000000000
0000000000011111000000000000
0000000000011110000000000000
0000000000011110000000000000
0000000001111111110000000000
0000000001111111111000000000
0000000001111111111000000000
0000000001110011111100000000
0000000001110000011100000000
0000000011110000011100000000
0000000011110001111100000000
0000000011110011111000000000
0000000001111111111000000000
0000000001111111100000000000
0000000000000000000000000000
0000000000000000000000000000
0000000000000000000000000000
0000000000000000000000000000
0000000000000000000000000000
