0000000000000000000000000000
0000000000000000000000000000
0000000000000001110000000000
0000000000000001110000000000
0000000000000011110000000000
0000000000000011110000000000
0000000000000111100000000000
0000000000001111000000000000
0000000000011110000000000000
0000000000011110000000000000
0000000000111100000000000000
0000000000111000001110000000
0000000001111000111111000000
0000000001110011111111000000
0000000011101111111111000000
0000000011111111101111000000
0000000011111110001110000000
0000000011111100011110000000
0000000011111111111100000000
0000000011111111111000000000
0000000001111111100000000000
0000000000111111000000000000
0000000000000000000000000000
0000000000000000000000000000
0000000000000000000000000000
0000000000000000000000000000
0000000000000000000000000000
0000000000000000000000000000
