0000000000000000000000000000
0000000000000000000000000000
0000000000000111000000000000
0000000000000111100000000000
0000000000001111100000000000
0000000000011111000000000000
0000000000011110000000000000
0000000000111110000000000000
0000000000111110000000000000
0000000001111100000000000000
0000000011111100000000000000
0000000011111000000000000000
0000000011110001111111000000
0000000111110011111111100000
0000000111101111111111100000
0000000111101111111111100000
0000000111111111100111100000
0000000111111110001111100000
0000000111111110111111100000
0000000111111111111111100000
0000000011111111111111000000
0000000011111111111100000000
0000000000000000000000000000
0000000000000000000000000000
0000000000000000000000000000
0000000000000000000000000000
0000000000000000000000000000
0000000000000000000000000000
