0000000000000000000000000000
0000000000000000000000000000
0000000000000000111000000000
0000000000000001111000000000
0000000000000011110000000000
0000000000000111100000000000
0000000000001111100000000000
0000000000001110000000000000
0000000000011110000000000000
0000000000011100000000000000
0000000000111100000000000000
0000000000111000000000000000
0000000001111000000000000000
0000000001110000000000000000
0000000011110000010000000000
0000000011110011111100000000
0000000011110111111110000000
0000000001111111111110000000
0000000001111110001110000000
0000000001111110011110000000
0000000000111111111100000000
0000000000011111111100000000
0000000000000000000000000000
0000000000000000000000000000
0000000000000000000000000000
0000000000000000000000000000
0000000000000000000000000000
0000000000000000000000000000
