0000000000000000000000000000
0000000000000000000000000000
0000000000000011110000000000
0000000000000111110000000000
0000000000000111110000000000
0000000000001111100000000000
0000000000001111000000000000
0000000000011110000000000000
0000000000011110000000000000
0000000000111100000000000000
0000000001111100000000000000
0000000001111000000000000000
0000000001111000011111000000
0000000001110001111111100000
0000000011110011111111100000
0000000011100111110011100000
0000000011111111000111000000
0000000111111110001111000000
0000000111111100011110000000
0000000111111101111110000000
0000000111111111111000000000
0000000111111111110000000000
0000000000000000000000000000
0000000000000000000000000000
0000000000000000000000000000
0000000000000000000000000000
0000000000000000000000000000
0000000000000000000000000000
