0000000000000000000000000000
0000000000000000000000000000
0000000000000001100000000000
0000000000000011100000000000
0000000000000111100000000000
0000000000000111000000000000
0000000000000110000000000000
0000000000001110000000000000
0000000000011110000000000000
0000000000011100000000000000
0000000000011100000000000000
0000000000011100000000000000
0000000000011011111000000000
0000000000111111111100000000
0000000000111111111100000000
0000000000111100011100000000
0000000000111000001100000000
0000000000111100011100000000
0000000000111100111100000000
0000000000011111111000000000
0000000000011111110000000000
0000000000001111100000000000
0000000000000000000000000000
0000000000000000000000000000
0000000000000000000000000000
0000000000000000000000000000
0000000000000000000000000000
0000000000000000000000000000
