0000000000000000000000000000
0000000000000000000000000000
0000000000001100000000000000
0000000000011100000000000000
0000000000011100000000000000
0000000000011000000000000000
0000000000111000000000000000
0000000000111000000000000000
0000000000111000000000000000
0000000000110000001111000000
0000000000110000011111100000
0000000001110000011111100000
0000000001110000111001100000
0000000001110000111011000000
0000000001100000111011000000
0000000001100000110111000000
0000000001100000110111000000
0000000001100000111110000000
0000000001110000111100000000
0000000001111000111100000000
0000000001111111111000000000
0000000000011111110000000000
0000000000000000000000000000
0000000000000000000000000000
0000000000000000000000000000
0000000000000000000000000000
0000000000000000000000000000
0000000000000000000000000000
