0000000000000000000000000000
0000000000000000000000000000
0000000000000000000000000000
0000000000001111000000000000
0000000000011111000000000000
0000000000011110000000000000
0000000000011110000000000000
0000000000111100000000000000
0000000001111000000000000000
0000000001111000000000000000
0000000011111000000000000000
0000000011111000111100000000
0000000011110001111111100000
0000000011110111111111110000
0000000011111111110011110000
0000000011111111000011110000
0000000011111110000111100000
0000000011111100001111100000
0000000011111000111111000000
0000000001111000111110000000
0000000001111111111100000000
0000000000111111111000000000
0000000000011111100000000000
0000000000000000000000000000
0000000000000000000000000000
0000000000000000000000000000
0000000000000000000000000000
0000000000000000000000000000
