0000000000000000000000000000
0000000000000000000000000000
0000000000000011100000000000
0000000000000111100000000000
0000000000001111000000000000
0000000000001110000000000000
0000000000011110000000000000
0000000000011110000000000000
0000000000011100000000000000
0000000000111000000000000000
0000000000111000000000000000
0000000000111000000000000000
0000000001110000000000000000
0000000001110000000000000000
0000000001110001111000000000
0000000001110011111110000000
0000000000110111111110000000
0000000001110111001110000000
0000000000111110011110000000
0000000000111111111100000000
0000000000111111111000000000
0000000000001111110000000000
0000000000000000000000000000
0000000000000000000000000000
0000000000000000000000000000
0000000000000000000000000000
0000000000000000000000000000
0000000000000000000000000000
