0000000000000000000000000000
0000000000000000000000000000
0000000000000000000000000000
0000000001111000000000000000
0000000011111000000000000000
0000000011111000000000000000
0000000111100000000000000000
0000000111000000000000000000
0000000111000000000000000000
0000001110000000000000000000
0000001110000000011110000000
0000001110000001111111000000
0000001110000011110111100000
0000001110000011110011100000
0000001110000011100011100000
0000001110000011100001110000
0000001111000111100001110000
0000000111100111000001110000
0000000111100111000001110000
0000000011111111001111100000
0000000001111111111111100000
0000000000111111111111000000
0000000000001111111000000000
0000000000000000000000000000
0000000000000000000000000000
0000000000000000000000000000
0000000000000000000000000000
0000000000000000000000000000
