0000000000000000000000000000
0000000000000000000000000000
0000000000000000000000000000
0000000000000000000001111000
0000000000000000000001111100
0000000000000000000111111100
0000000000000000011111110000
0000000000000000111111000000
0000000000000011111110000000
0000000000000011111000000000
0000000000000111111000000000
0000000000011111110000000000
0000000000011111111000000000
0000000000111111111000000000
0000000001111111111000000000
0000000011111111111000000000
0000000111111111111000000000
0000000111110011110000000000
0000000111101111100000000000
0000001111111111100000000000
0000001111111111000000000000
0000001111111110000000000000
0000000111111100000000000000
0000000000000000000000000000
0000000000000000000000000000
0000000000000000000000000000
0000000000000000000000000000
0000000000000000000000000000
