0000000000000000000000000000
0000000000000000000000000000
0000000000000000011100000000
0000000000000000111100000000
0000000000000000111100000000
0000000000000001111000000000
0000000000000011110000000000
0000000000000011100000000000
0000000000001111100000000000
0000000000011111000000000000
0000000000011110000011000000
0000000000111100001111100000
0000000001111000111111100000
0000000001111001111111000000
0000000011110011111111000000
0000000011100011111110000000
0000000011100111111100000000
0000000111101111111000000000
0000000111011111110000000000
0000000111111111000000000000
0000000111111111000000000000
0000000011111000000000000000
0000000000000000000000000000
0000000000000000000000000000
0000000000000000000000000000
0000000000000000000000000000
0000000000000000000000000000
0000000000000000000000000000
