0000000000000000000000000000
0000000000000000000000000000
0000000000000000000000000000
0000000000000000000000000000
0000000011100000000000000000
0000000111100000000000000000
0000000111100000000011000000
0000001111100000011111110000
0000001111000001111111111000
0000011110000001111111111000
0000011110000001111001111000
0000011110000011110000111000
0000011110000011110000111000
0000011100000001110001111000
0000011100000001111001111000
0000011100000001111011111000
0000011100000001111111110000
0000011110000001111111110000
0000011110000001111111000000
0000001111100001111110000000
0000001111111111111100000000
0000000111111111111000000000
0000000011111111110000000000
0000000000011110000000000000
0000000000000000000000000000
0000000000000000000000000000
0000000000000000000000000000
0000000000000000000000000000
