0000000000000000000000000000
0000000000000000000000000000
0000000000000000000000000000
0000000000000011000000000000
0000000000000111000000000000
0000000000000111000000000000
0000000000000111000000000000
0000000000001111000000000000
0000000000001110000000000000
0000000000011110000000000000
0000000000011100000000000000
0000000000011100000000000000
0000000000011111110000000000
0000000000111111111000000000
0000000000111100111100000000
0000000001111000001100000000
0000000001111000001110000000
0000000001111000000110000000
0000000001111000000110000000
0000000001111100000110000000
0000000001111110001110000000
0000000000001111111110000000
0000000000000011111100000000
0000000000000000000000000000
0000000000000000000000000000
0000000000000000000000000000
0000000000000000000000000000
0000000000000000000000000000
