0000000000000000000000000000
0000000000000000000000000000
0000000000000001110000000000
0000000000000001110000000000
0000000000000011110000000000
0000000000000111110000000000
0000000000001111110000000000
0000000000001111100000000000
0000000000011111000000000000
0000000000111111000000000000
0000000000111110000000000000
0000000001111110000000000000
0000000011111110000000000000
0000000011111100111110000000
0000000011111011111111000000
0000000011111111111111000000
0000000011111111111111000000
0000000011111111111111000000
0000000011111111001111000000
0000000011111110001111000000
0000000011111111111111000000
0000000011111111111111000000
0000000000000000000000000000
0000000000000000000000000000
0000000000000000000000000000
0000000000000000000000000000
0000000000000000000000000000
0000000000000000000000000000
