0000000000000000000000000000
0000000000000000000000000000
0000000000000000111000000000
0000000000000001111000000000
0000000000000011100000000000
0000000000000111000000000000
0000000000000111000000000000
0000000000001110000000000000
0000000000011100000000000000
0000000000011100000000000000
0000000000011000000000000000
0000000000011000000000000000
0000000000110000000000000000
0000000000111111110000000000
0000000000111111111100000000
0000000000111111001110000000
0000000000111100001110000000
0000000000111100000111000000
0000000000011100000111000000
0000000000011110000111000000
0000000000001111111111000000
0000000000000011111110000000
0000000000000000000000000000
0000000000000000000000000000
0000000000000000000000000000
0000000000000000000000000000
0000000000000000000000000000
0000000000000000000000000000
