0000000000000000000000000000
0000000000000000000000000000
0000000000000000000000000000
0000000000000000000000000000
0000000000000000011111110000
0000000000000001111111110000
0000000000000111111111110000
0000000000001111111011100000
0000000000011111100111100000
0000000001111110001111000000
0000000011111100001110000000
0000000111110000001100000000
0000001111100000000000000000
0000011111000111111111100000
0000011110011111111111110000
0000011111111111111111111000
0000011101111110000011111000
0000011001111100000001111000
0000011100111100000001111000
0000011100000000000111110000
0000011111000000011111110000
0000011111111111111111000000
0000001111111111111110000000
0000000111111111111000000000
0000000000000000000000000000
0000000000000000000000000000
0000000000000000000000000000
0000000000000000000000000000
