0000000000000000000000000000
0000000000000000000000000000
0000000000001100000000000000
0000000000111100000000000000
0000000000111100000000000000
0000000001111100000000000000
0000000001111000000000000000
0000000011110000000000000000
0000000011110000000000000000
0000000111100000000000000000
0000001111000000111111000000
0000001111000111111111100000
0000001110000111111111110000
0000001110001111111101110000
0000001110011111100001110000
0000001110011111000001110000
0000001110011110000011110000
0000001111001100000011110000
0000000111101100001111000000
0000000011111111111110000000
0000000001111111111100000000
0000000000111111110000000000
0000000000000000000000000000
0000000000000000000000000000
0000000000000000000000000000
0000000000000000000000000000
0000000000000000000000000000
0000000000000000000000000000
