0000000000000000000000000000
0000000000000000000000000000
0000000000000111000000000000
0000000000001111000000000000
0000000000011111000000000000
0000000000011110000000000000
0000000000011100000000000000
0000000000111000000000000000
0000000000111000000000000000
0000000000111000000000000000
0000000000111000000000000000
0000000000110000000000000000
0000000001110000000000000000
0000000001110011111000000000
0000000001110011111100000000
0000000001110111111100000000
0000000001110111011100000000
0000000000110011111100000000
0000000000111011111100000000
0000000000111000111100000000
0000000000111111111000000000
0000000000011111110000000000
0000000000000000000000000000
0000000000000000000000000000
0000000000000000000000000000
0000000000000000000000000000
0000000000000000000000000000
0000000000000000000000000000
