0000000000000000000000000000
0000000000000000000000000000
0000000000001111000000000000
0000000000001111000000000000
0000000000011111000000000000
0000000000011111000000000000
0000000000111110000000000000
0000000000111100000000000000
0000000001111100000000000000
0000000001111000111110000000
0000000011111001111111000000
0000000011110011111111100000
0000000011110111111111110000
0000000111101111111111110000
0000000111101111000011110000
0000000111101111000001110000
0000000111101111000011110000
0000000111111111111111110000
0000000111111111111111100000
0000000111111111111111100000
0000000011111111111110000000
0000000011111111111000000000
0000000000000000000000000000
0000000000000000000000000000
0000000000000000000000000000
0000000000000000000000000000
0000000000000000000000000000
0000000000000000000000000000
