0000000000000000000000000000
0000000000000000000000000000
0000000001111000000000000000
0000000011111110000000000000
0000000011111110000000000000
0000000011100100000000000000
0000000111100000000000000000
0000000111100000000000000000
0000000111100000000000000000
0000001111000000000000000000
0000001111000000000011110000
0000001111000000001111111000
0000001111000000111111111000
0000001111000000111111111000
0000001111000001111001111000
0000001111100001110011111000
0000000111100001110111111000
0000000111110001111111100000
0000000011111001111111000000
0000000011111111111110000000
0000000001111111111100000000
0000000000111111100000000000
0000000000000000000000000000
0000000000000000000000000000
0000000000000000000000000000
0000000000000000000000000000
0000000000000000000000000000
0000000000000000000000000000
