0000000000000000000000000000
0000000000000000000000000000
0000000000000000000000000000
0000000000000000011111000000
0000000000000000011111100000
0000000000000000111111000000
0000000000000001111111000000
0000000000000001111000000000
0000000000000011110000000000
0000000000000111100000000000
0000000000001111100000000000
0000000000011111000000000000
0000000000111110000000000000
0000000001111100001100000000
0000000001111001111110000000
0000000011110011111111000000
0000000111110111101111000000
0000000111101110001111000000
0000000111011110111110000000
0000000111111111111100000000
0000000011111111111000000000
0000000001111111100000000000
0000000000111100000000000000
0000000000000000000000000000
0000000000000000000000000000
0000000000000000000000000000
0000000000000000000000000000
0000000000000000000000000000
