0000000000000000000000000000
0000000000000000000000000000
0000000000000001110000000000
0000000000000011110000000000
0000000000000111100000000000
0000000000000111100000000000
0000000000001110000000000000
0000000000011110000000000000
0000000000011100000000000000
0000000000111100000000000000
0000000000111000000000000000
0000000000110000111100000000
0000000000110011111110000000
0000000001111111111110000000
0000000001111111001110000000
0000000001111110001110000000
0000000001111100011100000000
0000000000111110111100000000
0000000000111110111100000000
0000000000111111111000000000
0000000000111111110000000000
0000000000011111000000000000
0000000000000000000000000000
0000000000000000000000000000
0000000000000000000000000000
0000000000000000000000000000
0000000000000000000000000000
0000000000000000000000000000
