0000000000000000000000000000
0000000000000000000000000000
0000000000000000000000000000
0000000000000110000000000000
0000000000001110000000000000
0000000000011110000000000000
0000000000111110000000000000
0000000000111110000000000000
0000000001111100000000000000
0000000001111000000000000000
0000000011110001111100000000
0000000011110011111110000000
0000000011100111111110000000
0000000011100111111111000000
0000000011001111111111000000
0000000011101111000011000000
0000000011111110000111000000
0000000011111110000111000000
0000000001111100011111000000
0000000001111111111110000000
0000000000111111111110000000
0000000000111111111100000000
0000000000001111110000000000
0000000000000000000000000000
0000000000000000000000000000
0000000000000000000000000000
0000000000000000000000000000
0000000000000000000000000000
