0000000000000000000000000000
0000000000000000000000000000
0000000000000000000000000000
0000000001111111000000000000
0000000011111111100000000000
0000000111111111100000000000
0000000111100000000000000000
0000000111000000000000000000
0000001111000000000000000000
0000001111000000000000000000
0000001111000000000000000000
0000001111000000011000000000
0000001111000011111110000000
0000001111000111111111000000
0000000111000111111111100000
0000000111100111111111100000
0000000011110111100111110000
0000000011110111000011110000
0000000001111111100011110000
0000000001111111100011110000
0000000000111111111111100000
0000000000011111111111100000
0000000000001111111111000000
0000000000000000000000000000
0000000000000000000000000000
0000000000000000000000000000
0000000000000000000000000000
0000000000000000000000000000
