0000000000000000000000000000
0000000000000000000000000000
0000000000000001110000000000
0000000000000011110000000000
0000000000001111110000000000
0000000000011111100000000000
0000000000111111000000000000
0000000001111100000000000000
0000000001111000000000000000
0000000011110000000000000000
0000000111100000000000000000
0000000111100000000000000000
0000001111000000111111000000
0000001110001111111111111000
0000011100011111111111111000
0000011100011111110011111000
0000011100111100000001111000
0000011111111000000011111000
0000001111111111111111111000
0000001111111111111111100000
0000000111111111111111000000
0000000011111111111000000000
0000000000000000000000000000
0000000000000000000000000000
0000000000000000000000000000
0000000000000000000000000000
0000000000000000000000000000
0000000000000000000000000000
