0000000000000000000000000000
0000000000000000000000000000
0000000000000111100000000000
0000000000001111100000000000
0000000000011110000000000000
0000000000011100000000000000
0000000000011000000000000000
0000000000011000000000000000
0000000000111000000000000000
0000000000110000000000000000
0000000000110000000000000000
0000000000110000000000000000
0000000000110000000000000000
0000000000110000000000000000
0000000000110011111000000000
0000000000110011111100000000
0000000000110011111100000000
0000000000110111011100000000
0000000000111111011100000000
0000000000111111111100000000
0000000000011111111100000000
0000000000001111111000000000
0000000000000000000000000000
0000000000000000000000000000
0000000000000000000000000000
0000000000000000000000000000
0000000000000000000000000000
0000000000000000000000000000
