0000000000000000000000000000
0000000000000000000000000000
0000000000000000000000000000
0000000000000000000000000000
0000000000000011111000000000
0000000000000111111000000000
0000000000001111111000000000
0000000000011111111000000000
0000000000011111011000000000
0000000000111111010000000000
0000000000111110000000000000
0000000000111110000000000000
0000000000111111100000000000
0000000000111111110000000000
0000000000111111110000000000
0000000000111101111000000000
0000000000111101111000000000
0000000000111111111000000000
0000000000111111111100000000
0000000000111111111100000000
0000000000011111111100000000
0000000000011111111000000000
0000000000001111111000000000
0000000000000011110000000000
0000000000000000000000000000
0000000000000000000000000000
0000000000000000000000000000
0000000000000000000000000000
