0000000000000000000000000000
0000000000000000000000000000
0000000011100000000000000000
0000000011100000000000000000
0000000011100000000000000000
0000000111100000000000000000
0000000111100000000000000000
0000001111000000000000000000
0000001111000000000000000000
0000001111000000000111000000
0000001111000000011111110000
0000001111000000111111111000
0000001110000011111101111000
0000001110000111110000111100
0000001110000111100000011100
0000001111001111000000011100
0000001111001110000000111100
0000001111101100000011111000
0000001111111100001111111000
0000000111111111111111110000
0000000011111111111111000000
0000000000111111111100000000
0000000000000000000000000000
0000000000000000000000000000
0000000000000000000000000000
0000000000000000000000000000
0000000000000000000000000000
0000000000000000000000000000
