0000000000000000000000000000
0000000000000000000000000000
0000000000011100000000000000
0000000000111100000000000000
0000000000111100000000000000
0000000000111000000000000000
0000000001111000000000000000
0000000001110000000000000000
0000000001110000000000000000
0000000001110000000011000000
0000000011110000001111100000
0000000011110000011111100000
0000000011100001111001100000
0000000111100001110011100000
0000000111100001110111000000
0000000111000001101111000000
0000000111000011111110000000
0000000110000011111100000000
0000000111101111111000000000
0000000111111111110000000000
0000000111111111111000000000
0000000000000000111110000000
0000000000000000000000000000
0000000000000000000000000000
0000000000000000000000000000
0000000000000000000000000000
0000000000000000000000000000
0000000000000000000000000000
