0000000000000000000000000000
0000000000000000000000000000
0000000000001110000000000000
0000000000011110000000000000
0000000000011100000000000000
0000000000111100000000000000
0000000000111100000000000000
0000000001111000000000000000
0000000001111000000000000000
0000000001110000000000000000
0000000011110000111110000000
0000000011110001111111000000
0000000011110001111111100000
0000000011110011111111100000
0000000011110011110011100000
0000000011110011100111100000
0000000011110011100111100000
0000000011110011111111000000
0000000011110011111111000000
0000000011111111111110000000
0000000001111111111110000000
0000000000111111111100000000
0000000000000000000000000000
0000000000000000000000000000
0000000000000000000000000000
0000000000000000000000000000
0000000000000000000000000000
0000000000000000000000000000
