0000000000000000000000000000
0000000000000000000000000000
0000000001110000000000000000
0000000001111000000000000000
0000000011111000000000000000
0000000011100000000000000000
0000000111000000000000000000
0000000111000000000000000000
0000000111000000000000000000
0000000110000000000000000000
0000001110000000000000000000
0000001110000000000011110000
0000001110000000001111111100
0000001110000000111111111100
0000001110000001111100011100
0000001110000001110000011100
0000001111000011110000111100
0000001111100111100011111100
0000000111111111011111110000
0000000011111111111111100000
0000000001111111111110000000
0000000000011111110000000000
0000000000000000000000000000
0000000000000000000000000000
0000000000000000000000000000
0000000000000000000000000000
0000000000000000000000000000
0000000000000000000000000000
