0000000000000000000000000000
0000000000000000000000000000
0000000000000111000000000000
0000000000001111000000000000
0000000000011111000000000000
0000000000111111000000000000
0000000000111110000000000000
0000000001111110000000000000
0000000001111110000000000000
0000000001111100000000000000
0000000001111100000000000000
0000000001111000000000000000
0000000011111000000000000000
0000000011111000001111110000
0000000011111011111111110000
0000000011111111111111111000
0000000011111111111001111000
0000000001111111000000111000
0000000001111111000111111000
0000000001111111111111110000
0000000000111111111111000000
0000000000001111111100000000
0000000000000000000000000000
0000000000000000000000000000
0000000000000000000000000000
0000000000000000000000000000
0000000000000000000000000000
0000000000000000000000000000
