0000000000000000000000000000
0000000000000000000000000000
0000000000000011100000000000
0000000000000011100000000000
0000000000000111100000000000
0000000000001111000000000000
0000000000001111000000000000
0000000000011110000000000000
0000000000011110000000000000
0000000000011100000000000000
0000000000011100000000000000
0000000000111000000000000000
0000000000111000000000000000
0000000000111000111000000000
0000000000110001111100000000
0000000001110111111110000000
0000000001111111101110000000
0000000000111110111100000000
0000000000111101111100000000
0000000000111111111000000000
0000000000111111110000000000
0000000000011111100000000000
0000000000000000000000000000
0000000000000000000000000000
0000000000000000000000000000
0000000000000000000000000000
0000000000000000000000000000
0000000000000000000000000000
