0000000000000000000000000000
0000000000000000000000000000
0000000000001110000000000000
0000000000011110000000000000
0000000000011110000000000000
0000000000011100000000000000
0000000000011100000000000000
0000000000111000000000000000
0000000000111000000000000000
0000000000111000000000000000
0000000001111000000000000000
0000000001110000111100000000
0000000001110011111110000000
0000000001110011111111000000
0000000001110011100111000000
0000000001110111000011100000
0000000001110110000011100000
0000000001110110000011100000
0000000001111110000011100000
0000000000111110000111000000
0000000000011111111111000000
0000000000011111111110000000
0000000000000000000000000000
0000000000000000000000000000
0000000000000000000000000000
0000000000000000000000000000
0000000000000000000000000000
0000000000000000000000000000
