0000000000000000000000000000
0000000000000000000000000000
0000000000000000000000000000
0000000000000000000111000000
0000000000000000001110000000
0000000000000000011100000000
0000000000000000111000000000
0000000000000001110000000000
0000000000000011110000000000
0000000000000111100000000000
0000000000000111000000000000
0000000000001110000000000000
0000000000011100000000000000
0000000000011111111100000000
0000000000111111111100000000
0000000001111100001110000000
0000000011110000000110000000
0000000011110000001110000000
0000000011100000001110000000
0000000001100000011100000000
0000000001100001111000000000
0000000001111111110000000000
0000000000111111000000000000
0000000000000000000000000000
0000000000000000000000000000
0000000000000000000000000000
0000000000000000000000000000
0000000000000000000000000000
