0000000000000000000000000000
0000000000000000000000000000
0000000000000000111000000000
0000000000000001111000000000
0000000000000011110000000000
0000000000000011110000000000
0000000000000111100000000000
0000000000001111000000000000
0000000000011111000000000000
0000000000011110000000000000
0000000000111100000000000000
0000000000111000000000000000
0000000001111000011100000000
0000000001110001111111000000
0000000011110111111111100000
0000000011111111110011100000
0000000111111110000011100000
0000000111111110000111000000
0000000111110000011111000000
0000000111100001111110000000
0000000111111111111100000000
0000000111111111110000000000
0000000000000000000000000000
0000000000000000000000000000
0000000000000000000000000000
0000000000000000000000000000
0000000000000000000000000000
0000000000000000000000000000
