0000000000000000000000000000
0000000000000000000000000000
0000000000000000000000000000
0000000000000000011111000000
0000000000000001111111000000
0000000000000011111000000000
0000000000000111110000000000
0000000000001111000000000000
0000000000011110000000000000
0000000000011110000000000000
0000000000111000000000000000
0000000000111000000000000000
0000000001110000000000000000
0000000001110000000000000000
0000000001110000000000000000
0000000011110001111000000000
0000000011110011111100000000
0000000001110011101100000000
0000000001110000001100000000
0000000000111000001100000000
0000000000111110111100000000
0000000000011111111100000000
0000000000011111111000000000
0000000000000000000000000000
0000000000000000000000000000
0000000000000000000000000000
0000000000000000000000000000
0000000000000000000000000000
