0000000000000000000000000000
0000000000000000000000000000
0000000000000000000000000000
0000000000000111100000000000
0000000000000111100000000000
0000000000001111100000000000
0000000000001111000000000000
0000000000001111000000000000
0000000000011110000000000000
0000000000011110000000000000
0000000000011100000000000000
0000000000011100000000000000
0000000000011100000000000000
0000000000011110000000000000
0000000000111111100000000000
0000000000111111111000000000
0000000000111011111100000000
0000000000111000111100000000
0000000000111000011100000000
0000000000111100111100000000
0000000000011111111000000000
0000000000011111111000000000
0000000000001111110000000000
0000000000000000000000000000
0000000000000000000000000000
0000000000000000000000000000
0000000000000000000000000000
0000000000000000000000000000
