0000000000000000000000000000
0000000000000000000000000000
0000000000000000000000000000
0000000000000111100000000000
0000000000001111100000000000
0000000000111111100000000000
0000000001111101100000000000
0000000011111011100000000000
0000000111110111100000000000
0000001111100111000000000000
0000011111000110000000000000
0000011110000000011111111000
0000011100000001111111111000
0000011100000111111111111000
0000011000011111111100111000
0000011100011111000000111000
0000011100111110000000111000
0000011110111100000001111000
0000011111111100000011111000
0000001111111100000111110000
0000000111111111111111100000
0000000011111111111111000000
0000000000111111111110000000
0000000000000000000000000000
0000000000000000000000000000
0000000000000000000000000000
0000000000000000000000000000
0000000000000000000000000000
