0000000000000000000000000000
0000000000000000000000000000
0000000000000000001111110000
0000000000000000011111110000
0000000000000001111111100000
0000000000000011111111100000
0000000000000111111110000000
0000000000001111111000000000
0000000000011111100000000000
0000000000111111000000000000
0000000001111110000000000000
0000000011111100000000000000
0000000111111000000000000000
0000000111110001110000000000
0000000111111111111111000000
0000001111111111111111100000
0000001111111111111111100000
0000001111111111011111100000
0000001111111111111111100000
0000001111111111111111000000
0000000111111111111110000000
0000000111111111110000000000
0000000000000000000000000000
0000000000000000000000000000
0000000000000000000000000000
0000000000000000000000000000
0000000000000000000000000000
0000000000000000000000000000
