0000000000000000000000000000
0000000000000000000000000000
0000000000000000000000000000
0000000000000000000111100000
0000000000000000011111100000
0000000000000001111110000000
0000000000000011111100000000
0000000000001111110000000000
0000000000001111000000000000
0000000000011111000000000000
0000000000011110000000000000
0000000000111100000000000000
0000000000111000000000000000
0000000001111000000000000000
0000000001111000000000000000
0000000001111111000000000000
0000000001111111110000000000
0000000001111111110000000000
0000000001111011111000000000
0000000000111101111000000000
0000000000111111111000000000
0000000000011111110000000000
0000000000001111110000000000
0000000000000000000000000000
0000000000000000000000000000
0000000000000000000000000000
0000000000000000000000000000
0000000000000000000000000000
