0000000000000000000000000000
0000000000000000000000000000
0000000000011110000000000000
0000000000111100000000000000
0000000000111100000000000000
0000000001111000000000000000
0000000001111000000000000000
0000000001111000000000000000
0000000011110000000000000000
0000000111100000000000000000
0000000111100000000011110000
0000000111100000000111111000
0000001111000000001111111100
0000001111000000011111111100
0000001111000000011110111100
0000001111000000111101111000
0000001111000000111111110000
0000001111100000111111110000
0000000111111111111111100000
0000000011111111111110000000
0000000011111111111100000000
0000000001111111111100000000
0000000000000000000000000000
0000000000000000000000000000
0000000000000000000000000000
0000000000000000000000000000
0000000000000000000000000000
0000000000000000000000000000
