0000000000000000000000000000
0000000000000000000000000000
0000000000000000000000000000
0000000000000011100000000000
0000000000000011110000000000
0000000000000111110000000000
0000000000011111100000000000
0000000000011111000000000000
0000000000011111000000000000
0000000000111110000000000000
0000000000111100000000000000
0000000001111000000000000000
0000000011111000011110000000
0000000011110000111110000000
0000000011110011111110000000
0000000011110011111111000000
0000000011100111111111000000
0000000011100111111111000000
0000000001100111111110000000
0000000001111111111100000000
0000000001111111111000000000
0000000000111111100000000000
0000000000111110000000000000
0000000000000000000000000000
0000000000000000000000000000
0000000000000000000000000000
0000000000000000000000000000
0000000000000000000000000000
