0000000000000000000000000000
0000000000000000000000000000
0000000000000000000000000000
0000000000000000111100000000
0000000000000001111100000000
0000000000000011111100000000
0000000000000111101100000000
0000000000000111000000000000
0000000000001110000000000000
0000000000001110000000000000
0000000000001100000000000000
0000000000011100000000000000
0000000000011000000000000000
0000000000111000000000000000
0000000000111011100000000000
0000000000111111111000000000
0000000000111111111100000000
0000000000111100011100000000
0000000000111000011100000000
0000000000111000111100000000
0000000000111001111000000000
0000000000111111110000000000
0000000000111111100000000000
0000000000000000000000000000
0000000000000000000000000000
0000000000000000000000000000
0000000000000000000000000000
0000000000000000000000000000
