0000000000000000000000000000
0000000011100000000000000000
0000000111100000000000000000
0000000111110000000000000000
0000000011110000000000000000
0000000011110000000000000000
0000000011110000000000000000
0000000011110000000000000000
0000000011110000000000000000
0000000011110000000000000000
0000000011110000000111000000
0000000111110000111111111000
0000000111110001111111111000
0000001111100011111111111100
0000001111100111111101111100
0000001111100111110000011100
0000001111000111100000111100
0000001111000111100001111100
0000001111110111110011111100
0000001111111111111111111000
0000001111111111111111111000
0000000000000000000000000000
0000000000000000000000000000
0000000000000000000000000000
0000000000000000000000000000
0000000000000000000000000000
0000000000000000000000000000
0000000000000000000000000000
