0000000000000000000000000000
0000000000000000000000000000
0000000000000110000000000000
0000000000000111000000000000
0000000000000111000000000000
0000000000000110000000000000
0000000000001110000000000000
0000000000011110000000000000
0000000000011110000000000000
0000000000111100000000000000
0000000000111100101100000000
0000000000111100111111000000
0000000011111111111111100000
0000000011111111111111110000
0000000011111111100001110000
0000000011111111000001110000
0000000011111100000111110000
0000000001111100011111110000
0000000001111110111111000000
0000000001111111111110000000
0000000000011111111100000000
0000000000000111110000000000
0000000000000000000000000000
0000000000000000000000000000
0000000000000000000000000000
0000000000000000000000000000
0000000000000000000000000000
0000000000000000000000000000
