0000000000000000000000000000
0000000000000000000000000000
0000000000000111100000000000
0000000000001111100000000000
0000000000001111000000000000
0000000000011111000000000000
0000000000011110000000000000
0000000000111110000000000000
0000000000111110000000000000
0000000001111000000000000000
0000000001111000011111100000
0000000011111000111111100000
0000000111110000111111110000
0000000111110001111111110000
0000000111100011110011110000
0000000111100011110011100000
0000001111000111100111100000
0000001111000111111111000000
0000001111000111111110000000
0000001111111111111100000000
0000001111111111110000000000
0000000111111111000000000000
0000000000000000000000000000
0000000000000000000000000000
0000000000000000000000000000
0000000000000000000000000000
0000000000000000000000000000
0000000000000000000000000000
