0000000000000000000000000000
0000000000000000000000000000
0000000000000000000000000000
0000000000001111110000000000
0000000000001111110000000000
0000000000001111100000000000
0000000000011111000000000000
0000000000011111000000000000
0000000000011111000000000000
0000000000111110000000000000
0000000000111100011100000000
0000000000111111111110000000
0000000000111111111111000000
0000000000111111111111000000
0000000000111111111111000000
0000000000111111111111000000
0000000000111111101111000000
0000000000111111011111000000
0000000000111111111110000000
0000000000111111111100000000
0000000000011111111100000000
0000000000011111111000000000
0000000000011111110000000000
0000000000000000000000000000
0000000000000000000000000000
0000000000000000000000000000
0000000000000000000000000000
0000000000000000000000000000
