0000000000000000000000000000
0000000000000000000000000000
0000000000000000011110000000
0000000000000000011111000000
0000000000000000111111000000
0000000000000001111111000000
0000000000000111111100000000
0000000000001111111000000000
0000000000011111111000000000
0000000000111111100000000000
0000000001111110000000000000
0000000001111110000000000000
0000000001111100000111000000
0000000011111100111111100000
0000000011111011111111100000
0000000111110111111111100000
0000001111111111111111100000
0000001111111111111111000000
0000001111111111111110000000
0000001111111111111100000000
0000000011111111111000000000
0000000000111111100000000000
0000000000000000000000000000
0000000000000000000000000000
0000000000000000000000000000
0000000000000000000000000000
0000000000000000000000000000
0000000000000000000000000000
