0000000000000000000000000000
0000000000000000000000000000
0000000000000001111000000000
0000000000000001111000000000
0000000000000011111000000000
0000000000001111100000000000
0000000000001111000000000000
0000000000011111000000000000
0000000000011110000000000000
0000000000111110000000000000
0000000000111100000000000000
0000000000111000000000000000
0000000001111000000000000000
0000000011110000000000000000
0000000011110011111100000000
0000000011100111111100000000
0000000011111111111110000000
0000000011111110001110000000
0000000011111101111110000000
0000000001111111111110000000
0000000000111111111100000000
0000000000111111111000000000
0000000000000000000000000000
0000000000000000000000000000
0000000000000000000000000000
0000000000000000000000000000
0000000000000000000000000000
0000000000000000000000000000
