0000000000000000000000000000
0000000000000011110000000000
0000000000000111110000000000
0000000000001111100000000000
0000000000011111000000000000
0000000000011110000000000000
0000000000111100000000000000
0000000000111000000000000000
0000000001111000000000000000
0000000001110000000000000000
0000000011110000000000000000
0000000011100000000000000000
0000000111100000000000000000
0000000111000000011111100000
0000001111000000111111110000
0000001111000001111111110000
0000001111000011111111110000
0000000111000111111111100000
0000000111111111111111000000
0000000111111111111100000000
0000000011111111110000000000
0000000000000000000000000000
0000000000000000000000000000
0000000000000000000000000000
0000000000000000000000000000
0000000000000000000000000000
0000000000000000000000000000
0000000000000000000000000000
