0000000000000000000000000000
0000000000000000000000000000
0000000000000001111000000000
0000000000000001111000000000
0000000000000111111000000000
0000000000001111110000000000
0000000000001111100000000000
0000000000011110000000000000
0000000000111110000000000000
0000000001111100000000000000
0000000001111000000000000000
0000000011110000000000000000
0000000111110000000110000000
0000000111100000011111100000
0000000111000011111111100000
0000001111000111111111100000
0000001111001111110011100000
0000001111011111000111100000
0000000111111110011111100000
0000000111111111111111000000
0000000011111111111100000000
0000000000111111110000000000
0000000000000000000000000000
0000000000000000000000000000
0000000000000000000000000000
0000000000000000000000000000
0000000000000000000000000000
0000000000000000000000000000
