0000000000000000000000000000
0000000000000000000000000000
0000000000000000000000000000
0000000000001110000000000000
0000000000001110000000000000
0000000000011110000000000000
0000000000011100000000000000
0000000000011100000000000000
0000000000011100000000000000
0000000000011100000000000000
0000000000111000000000000000
0000000000111000000000000000
0000000000111000000000000000
0000000000111000111000000000
0000000000111001111100000000
0000000000111001111100000000
0000000000111001111100000000
0000000000111001111100000000
0000000000111001111000000000
0000000000111101111000000000
0000000000011111110000000000
0000000000011111100000000000
0000000000011111000000000000
0000000000000000000000000000
0000000000000000000000000000
0000000000000000000000000000
0000000000000000000000000000
0000000000000000000000000000
