0000000000000000000000000000
0000000000000000000000000000
0000000000000000000000000000
0000000000000000000111000000
0000000000000000001111100000
0000000000000000011111100000
0000000000000000111111000000
0000000000000001111100000000
0000000000000011111000000000
0000000000000111110000000000
0000000000001111100000000000
0000000000011111000000000000
0000000000011110000000000000
0000000000111110000000000000
0000000000111100000000000000
0000000000111100000000000000
0000000000111001110000000000
0000000001111001111000000000
0000000001111001111000000000
0000000001110111111000000000
0000000001111111110000000000
0000000001111111110000000000
0000000000111111000000000000
0000000000000000000000000000
0000000000000000000000000000
0000000000000000000000000000
0000000000000000000000000000
0000000000000000000000000000
