0000000000000000000000000000
0000000000000000000000000000
0000000000000000000000000000
0000000000011111100000000000
0000000000111111100000000000
0000000000111111000000000000
0000000001111100000000000000
0000000011111100000000000000
0000000111111000000000000000
0000000111110000000000000000
0000000111110000000000000000
0000001111100000000111100000
0000001111100000111111111000
0000001111000111111111111100
0000001110001111111111111100
0000001110111111111111111100
0000001111111111000000011100
0000001111111111000000111100
0000001111111100000001111100
0000001111110000000011111000
0000001111100000000111111000
0000001111110000111111110000
0000000111110000111111100000
0000000000000000000000000000
0000000000000000000000000000
0000000000000000000000000000
0000000000000000000000000000
0000000000000000000000000000
