0000000000000000000000000000
0000000000000000111000000000
0000000010000001111000000000
0000000010000011110000000000
0000000000000111110000000000
0000000000000111100000000000
0000000000001111100000000000
0000000000001111000000000000
0000000000011110000000000000
0000000000111110000000000000
0000000000111100000000000000
0000000000111100000000000000
0000000001111000000000000000
0000000001111000000000000000
0000000001111000011100000000
0000000001111001111110000000
0000000001111111111111000000
0000000001111111111111000000
0000000001111111111111000000
0000000001111111111111000000
0000000001111111111100000000
0000000000000000000000000000
0000000000000000000000000000
0000000000000000000000000000
0000000000000000000000000000
0000000000000000000000000000
0000000000000000000000000000
0000000000000000000000000000
