0000000000000000000000000000
0000000000000000000000000000
0000000000001111000000000000
0000000000011111000000000000
0000000000111110000000000000
0000000000111110000000000000
0000000001111100000000000000
0000000001111000000000000000
0000000011111000000000000000
0000000011110000000000000000
0000000011110000000000000000
0000000011110000000111100000
0000000111100000111111111000
0000000111100001111111111000
0000000111100011111111111000
0000000111100111111011111000
0000000111111111100111111000
0000000111111111111111110000
0000000011111111111111100000
0000000011111111111110000000
0000000001111111111000000000
0000000000011111000000000000
0000000000000000000000000000
0000000000000000000000000000
0000000000000000000000000000
0000000000000000000000000000
0000000000000000000000000000
0000000000000000000000000000
