0000000000000000000000000000
0000000000000000011100000000
0000000000000000111100000000
0000000000000000111000000000
0000000000000001111000000000
0000000000000011110000000000
0000000000000111100000000000
0000000000001111000000000000
0000000000001111000000000000
0000000000111100000000000000
0000000000111100000000000000
0000000001111000000000000000
0000000001110000001110000000
0000000011110000011110000000
0000000011100000111110000000
0000000111000001111110000000
0000000111000001111110000000
0000001110000011111100000000
0000001111111111111000000000
0000001111111111110000000000
0000000111111111000000000000
0000000000000000000000000000
0000000000000000000000000000
0000000000000000000000000000
0000000000000000000000000000
0000000000000000000000000000
0000000000000000000000000000
0000000000000000000000000000
