0000000000000000000000000000
0000000000000000000000000000
0000000000000000000000000000
0000000000000110000000000000
0000000000000110000000000000
0000000000001110000000000000
0000000000001110000000000000
0000000000001110000000000000
0000000000011110000000000000
0000000000011111111000000000
0000000000111111111100000000
0000000000111111111100000000
0000000000111111111100000000
0000000001111110011100000000
0000000001111110011100000000
0000000001111010111100000000
0000000001111110111100000000
0000000000111111111100000000
0000000000111111111000000000
0000000000111111111000000000
0000000000111111110000000000
0000000000111111000000000000
0000000000011110000000000000
0000000000000000000000000000
0000000000000000000000000000
0000000000000000000000000000
0000000000000000000000000000
0000000000000000000000000000
