0000000000000000000000000000
0000000000000000000110000000
0000000000000000000110000000
0000000000000000001110000000
0000000000000000011110000000
0000000000000000111100000000
0000000000000000111100000000
0000000000000001111000000000
0000000000000011111000000000
0000000000000111100000000000
0000000000000111100000000000
0000000000011111000000000000
0000000000111110000000000000
0000000001111111111000000000
0000000001111111111100000000
0000000011111111111100000000
0000001111111100011100000000
0000001111111001111100000000
0000001111111111111100000000
0000001111111111111000000000
0000000111111111100000000000
0000000000000000000000000000
0000000000000000000000000000
0000000000000000000000000000
0000000000000000000000000000
0000000000000000000000000000
0000000000000000000000000000
0000000000000000000000000000
