0000000000000000000000000000
0000000000000000000000000000
0000011100000000000000000000
0000011110000000000000000000
0000011110000000000000000000
0000011110000000000000000000
0000011110000000000000000000
0000011110000000000000000000
0000011110000000000000000000
0000011111000000001111100000
0000011111000000011111110000
0000001111000000011111110000
0000001111000000011111111000
0000001111000000011111111000
0000001111100000011100111000
0000000111100000011110111000
0000000111111000011110111000
0000000111111100011111111000
0000000011111110011111111000
0000000001111111111111111000
0000000000111111111111111000
0000000000001111111110000000
0000000000000000000000000000
0000000000000000000000000000
0000000000000000000000000000
0000000000000000000000000000
0000000000000000000000000000
0000000000000000000000000000
