0000000000000000000000000000
0000000000000000000000000000
0000000000000111100000000000
0000000000001111100000000000
0000000000001111100000000000
0000000000001111000000000000
0000000000001110000000000000
0000000000001110000000000000
0000000000011110000000000000
0000000000111110000000000000
0000000000111110000000000000
0000000000111110000000000000
0000000000111100111000000000
0000000000111111111100000000
0000000000111111111100000000
0000000000111111111100000000
0000000000111111111100000000
0000000000111111111100000000
0000000000111110111100000000
0000000000111111111100000000
0000000000111111111100000000
0000000000001111110000000000
0000000000000000000000000000
0000000000000000000000000000
0000000000000000000000000000
0000000000000000000000000000
0000000000000000000000000000
0000000000000000000000000000
