0000000000000000000000000000
0000000000110000000000000000
0000000000111000000000000000
0000000000111000000000000000
0000000000011000000000000000
0000000000011000000000000000
0000000000011000000000000000
0000000000011000000000000000
0000000000011000000000000000
0000000000011000000000000000
0000000000011000000000000000
0000000000111000000000000000
0000000000111000111100000000
0000000000111000111110000000
0000000000111001111111000000
0000000000111001110011100000
0000000001110011100001100000
0000000001110011100011100000
0000000001111111111111000000
0000000001111111111110000000
0000000000111111110000000000
0000000000000000000000000000
0000000000000000000000000000
0000000000000000000000000000
0000000000000000000000000000
0000000000000000000000000000
0000000000000000000000000000
0000000000000000000000000000
