0000000000000000000000000000
0000000000000000000000000000
0000000000000001110000000000
0000000000000001110000000000
0000000000000011110000000000
0000000000000011110000000000
0000000000000111110000000000
0000000000001111100000000000
0000000000001111100000000000
0000000000011111000000000000
0000000000111111000000000000
0000000001111111111111000000
0000000011111111111111000000
0000000011111111111111000000
0000000111111111111111100000
0000000111111100000111100000
0000000111111110011111100000
0000000111111111111111100000
0000000111111111111111000000
0000000111111111111110000000
0000000111111111111100000000
0000000011111111110000000000
0000000000000000000000000000
0000000000000000000000000000
0000000000000000000000000000
0000000000000000000000000000
0000000000000000000000000000
0000000000000000000000000000
