0000000000000000000000000000
0000000000000000011000000000
0000000000000000111000000000
0000000000000000111000000000
0000000000000001110000000000
0000000000000011110000000000
0000000000000111100000000000
0000000000000111000000000000
0000000000001110000000000000
0000000000011110000000000000
0000000000111100000000000000
0000000000111000000000000000
0000000001111000011100000000
0000000001110001111110000000
0000000011100011111110000000
0000000011000111110111000000
0000000011000111100111000000
0000000011001110011111000000
0000000011101111111110000000
0000000011111111111100000000
0000000001111111100000000000
0000000000000000000000000000
0000000000000000000000000000
0000000000000000000000000000
0000000000000000000000000000
0000000000000000000000000000
0000000000000000000000000000
0000000000000000000000000000
