0000000000000000000000000000
0000000000000000000000000000
0000000000000000000000000000
0000000000000111100000000000
0000000000000111100000000000
0000000000001111100000000000
0000000000011111000000000000
0000000000111110000000000000
0000000000111100000000000000
0000000001111100000000000000
0000000011111000000000000000
0000000111110000011100000000
0000000111110000111111100000
0000000111100011111111100000
0000001111100111111111110000
0000001111000111100001110000
0000001111001111100011110000
0000000111111111000111100000
0000000111111110001111100000
0000000111111111111111000000
0000000011111111111110000000
0000000000111111110000000000
0000000000011111000000000000
0000000000000000000000000000
0000000000000000000000000000
0000000000000000000000000000
0000000000000000000000000000
0000000000000000000000000000
