0000000000000000000000000000
0000000000000000000000000000
0000000000001110000000000000
0000000000011110000000000000
0000000000011110000000000000
0000000000111100000000000000
0000000001111000000000000000
0000000011111000000000000000
0000000011110000011111000000
0000000011110001111111100000
0000000111110001111111110000
0000000111100011111111110000
0000001111000111100001110000
0000001111001111000001110000
0000001111001111000011110000
0000001111001110000111100000
0000001111001110000111100000
0000001111001111011111000000
0000001111001111111110000000
0000001111111111111110000000
0000000111111111111110000000
0000000011111111111100000000
0000000000000000000000000000
0000000000000000000000000000
0000000000000000000000000000
0000000000000000000000000000
0000000000000000000000000000
0000000000000000000000000000
