0000000000000000000000000000
0000000000000000000000000000
0000000000000000000000000000
0000000000000000000000000000
0000000000000001111100000000
0000000000000011111100000000
0000000000000111111100000000
0000000000001111111100000000
0000000000001111101100000000
0000000000011111000000000000
0000000000111110000000000000
0000000000111110000000000000
0000000001111100000000000000
0000000001111111111100000000
0000000001111111111110000000
0000000001111111111110000000
0000000001111111011110000000
0000000001111100011110000000
0000000001111100111110000000
0000000001111001111100000000
0000000001111111111100000000
0000000001111111111000000000
0000000000111111110000000000
0000000000001111100000000000
0000000000000000000000000000
0000000000000000000000000000
0000000000000000000000000000
0000000000000000000000000000
