0000000000000000000000000000
0000000000000000000000000000
0000000000000000000000000000
0000000000001110000000000000
0000000000011111000000000000
0000000000011110000000000000
0000000000011110000000000000
0000000000011110000000000000
0000000000011110000000000000
0000000000111100000000000000
0000000000111100111110000000
0000000001111101111111000000
0000000001111011111111000000
0000000001111111111111000000
0000000001111111101111000000
0000000011111111001111000000
0000000011111111011110000000
0000000011111111111110000000
0000000011111111111100000000
0000000011111111111000000000
0000000011111111111000000000
0000000011111111100000000000
0000000001111110000000000000
0000000000000000000000000000
0000000000000000000000000000
0000000000000000000000000000
0000000000000000000000000000
0000000000000000000000000000
