0000000000000000000000000000
0000000000000000000000000000
0000000000000000000001110000
0000000000000000000001110000
0000000000000001111001100000
0000000000000011111000000000
0000000000000111110000000000
0000000000001111100000000000
0000000000011111000000000000
0000000000111110000000000000
0000000000111100000000100000
0000000001111000000001100000
0000000011110000000001100000
0000000011110000000001100000
0000000011100000000001100000
0000000011100001111111000000
0000000011101111111111000000
0000000011111111111111000000
0000000011111111001111000000
0000000001111100011111000000
0000000001111111111110000000
0000000000111111111100000000
0000000000000000000000000000
0000000000000000000000000000
0000000000000000000000000000
0000000000000000000000000000
0000000000000000000000000000
0000000000000000000000000000
