0000000000000000000000000000
0000000000000000000000000000
0000000000000000111000000000
0000000000000000111000000000
0000000000000000111000000000
0000000000000001110000000000
0000000000000001110000000000
0000000000000011100000000000
0000000000000011100000000000
0000000000000111000000000000
0000000000000111000000000000
0000000000001110000000000000
0000000000001111110000000000
0000000000011111111000000000
0000000000111111111100000000
0000000001111000011100000000
0000000001111000011100000000
0000000001110000111000000000
0000000001100011111000000000
0000000011100111110000000000
0000000011111111100000000000
0000000011111110000000000000
0000000000000000000000000000
0000000000000000000000000000
0000000000000000000000000000
0000000000000000000000000000
0000000000000000000000000000
0000000000000000000000000000
