0000000000000000000000000000
0000000000000000000000000000
0000000000000011000000000000
0000000000001111000000000000
0000000000001111000000000000
0000000000011111000000000000
0000000000111100000000000000
0000000001111000000000000000
0000000001110000000000000000
0000000001110000000000000000
0000000011100000000000000000
0000000011100000001110000000
0000000011100001111111100000
0000000011000111111111110000
0000000011001111110001110000
0000000011111111000001110000
0000000011111100000001110000
0000000011111100000001110000
0000000001111111100011100000
0000000000111111000111100000
0000000000111111111111000000
0000000000001111111100000000
0000000000000000000000000000
0000000000000000000000000000
0000000000000000000000000000
0000000000000000000000000000
0000000000000000000000000000
0000000000000000000000000000
