0000000000000000000000000000
0000000000000000000000000000
0000000000011110000000000000
0000000000011110000000000000
0000000000111110000000000000
0000000001111110000000000000
0000000001111110000000000000
0000000001111100000000000000
0000000011111100000000000000
0000000011111100000000000000
0000000111111000000000000000
0000000111110000000000000000
0000000111110000000000000000
0000000111110000000111100000
0000000111100000011111110000
0000000111100000111111110000
0000000111110000111111110000
0000000111110011111111111000
0000000011111111111111111000
0000000011111111111111110000
0000000001111111111111110000
0000000000011111111111000000
0000000000000000000000000000
0000000000000000000000000000
0000000000000000000000000000
0000000000000000000000000000
0000000000000000000000000000
0000000000000000000000000000
