0000000000000000000000000000
0000000000000000000000000000
0000000000000000111100000000
0000000000000000111100000000
0000000000000011111100000000
0000000000000011111000000000
0000000000000111110000000000
0000000000001111100000000000
0000000000011111100000000000
0000000000011110000000000000
0000000000111110000000000000
0000000001111100000000000000
0000000001111000011100000000
0000000011111011111110000000
0000000011110111111111000000
0000000011101111111111000000
0000000011101111101111000000
0000000011111111001111000000
0000000011111100011110000000
0000000001111111111110000000
0000000001111111111100000000
0000000000011111111000000000
0000000000000000000000000000
0000000000000000000000000000
0000000000000000000000000000
0000000000000000000000000000
0000000000000000000000000000
0000000000000000000000000000
