0000000000000000000000000000
0000000000000000000000000000
0000000000001110000000000000
0000000000011110000000000000
0000000000111110000000000000
0000000000111100000000000000
0000000001111100000000000000
0000000011111000000000000000
0000000011110000000000000000
0000000011110000000000000000
0000000011110000000100000000
0000000011100000011111100000
0000000111100001111111110000
0000000111100111111111110000
0000000111100111110001111000
0000000111100111000001111000
0000000111100111000000111000
0000000111100000000001111000
0000000111100000000011110000
0000000111111100001111110000
0000000011111111111111100000
0000000000111111111110000000
0000000000000000000000000000
0000000000000000000000000000
0000000000000000000000000000
0000000000000000000000000000
0000000000000000000000000000
0000000000000000000000000000
