0000000000000000000000000000
0000000000000000000000000000
0000000000000000000000000000
0000000000000001111000000000
0000000000000001111000000000
0000000000000011111000000000
0000000000000111111000000000
0000000000000111110000000000
0000000000001111100000000000
0000000000001111100000000000
0000000000011111000000000000
0000000000111110001110000000
0000000000111110011111000000
0000000001111100111111000000
0000000001111100111111000000
0000000011111001111111000000
0000000011111001111111000000
0000000011110001111110000000
0000000011110011111100000000
0000000011111111111100000000
0000000011111111111100000000
0000000011111111111100000000
0000000001111110000000000000
0000000000000000000000000000
0000000000000000000000000000
0000000000000000000000000000
0000000000000000000000000000
0000000000000000000000000000
