0000000000000000000000000000
0000000000000000000000000000
0000000000000000000000000000
0000000000000011111000000000
0000000000001111111000000000
0000000000011111111000000000
0000000000111110011000000000
0000000001111000110000000000
0000000001110000000000000000
0000000011100000000000000000
0000000011100000000000000000
0000000111000000000000000000
0000001111000000000000000000
0000001111000000000000000000
0000001110000000011111000000
0000001110000000111111100000
0000001111000000111111100000
0000001111000000110001100000
0000000111100000110011100000
0000000011110000111111110000
0000000011111000011111111100
0000000001111111111110000000
0000000000111111111100000000
0000000000000000000000000000
0000000000000000000000000000
0000000000000000000000000000
0000000000000000000000000000
0000000000000000000000000000
