0000000000000000000000000000
0000000000000000000000000000
0000000000000000000000000000
0000000000000001110000000000
0000000000000001110000000000
0000000000000011100000000000
0000000000000111000000000000
0000000000001110000000000000
0000000000011110000000000000
0000000000011100000000000000
0000000000011000000000000000
0000000000111000000000000000
0000000000111000011000000000
0000000001110001111110000000
0000000001110011111110000000
0000000001100111000110000000
0000000001100110001110000000
0000000001111110111100000000
0000000001111111111000000000
0000000000111111100000000000
0000000000011100000000000000
0000000000011111000000000000
0000000000000111000000000000
0000000000000000000000000000
0000000000000000000000000000
0000000000000000000000000000
0000000000000000000000000000
0000000000000000000000000000
