0000000000000000000000000000
0000000000000000000000000000
0000000000000000000000000000
0000000000011100000000000000
0000000001111110000000000000
0000000001111110000000000000
0000000011111100000000000000
0000000011111000000000000000
0000000011110000000000000000
0000000111110000000000000000
0000000111110000000000000000
0000000111110000000000000000
0000000111100000011111100000
0000000111100000111111110000
0000000111100000111111110000
0000000111110001111111111000
0000000011110001111001111000
0000000011111011111001111000
0000000011111111110000111000
0000000001111111110000111000
0000000001111111111111110000
0000000000011111111111100000
0000000000000001111111000000
0000000000000000000000000000
0000000000000000000000000000
0000000000000000000000000000
0000000000000000000000000000
0000000000000000000000000000
