0000000000000000000000000000
0000000000000000000000000000
0000000000000000000000000000
0000000000000000000000000000
0000000000000000000000000000
0000000000000000000000000000
0000000000110000000000000000
0000000001110000000000000000
0000000001110011111000000000
0000000011111111111000000000
0000001111111111111100000000
0000001111111111111100000000
0000001111111111111100000000
0000001111111111011100000000
0000001111110000011100000000
0000001111000000011100000000
0000000110000111111111000000
0000000111000111111111000000
0000000111000111111111000000
0000000111000011111111000000
0000000011000000111000000000
0000000000000000111000000000
0000000000000011111000000000
0000000000000011111000000000
0000000000000011111000000000
0000000000000001111000000000
0000000000000000000000000000
0000000000000000000000000000
