0000000000000000000000000000
0000000000000000000000000000
0000000000000000000000000000
0000000000000000000000000000
0000000000000000000000000000
0000000000000000000000000000
0000000000000000000000000000
0000000000111111111111100000
0000000011111111111111100000
0000000111111111000011100000
0000001111110000000111100000
0000011111100000000111000000
0000011111000000001111000000
0000011110000000011110000000
0000011100000000011110000000
0000000000000000011110000000
0000000000000000111100000000
0000000000000001111000000000
0000000000000011111000000000
0000000000000011110000000000
0000000000000111110000000000
0000000000001111100000000000
0000000000011111000000000000
0000000000111110000000000000
0000000000111100000000000000
0000000001111100000000000000
0000000001111000000000000000
0000000000000000000000000000
