0000000000000000000000000000
0000000000000000000000000000
0000000000000000000000000000
0000000000000000000000000000
0000000000000000000000000000
0000000000000000000000000000
0000000000000000000000000000
0000000111110000000001110000
0000000111111111001111111000
0000000111111111111111111000
0000000111111111111111110000
0000000111111111111111100000
0000000111110000111111000000
0000000111100001111110000000
0000000111100011111100000000
0000000111000011111000000000
0000000000000111110000000000
0000000000001111100000000000
0000000000011111100000000000
0000000000011111000000000000
0000000000111110000000000000
0000000001111110000000000000
0000000001111110000000000000
0000000011111100000000000000
0000000111111000000000000000
0000000111110000000000000000
0000000111110000000000000000
0000000000000000000000000000
