0000000000000000000000000000
0000000000000000000000000000
0000000000000000000000000000
0000000000000000000000000000
0000000000000000000000000000
0000000000000000000000000000
0000000000000000000000000000
0000000011111111111000000000
0000000111111111111100000000
0000011111111111111110000000
0000011111111111111110000000
0000011111000000111110000000
0000011100000000111110000000
0000111100000000111110000000
0000111100000000111110000000
0000111100000000111110000000
0000111100000000111110000000
0000011100000000111110000000
0000000000000000111110000000
0000000000000000111110000000
0000000000000000111110000000
0000000000000000111110000000
0000000000000000111110000000
0000000000000000111110000000
0000000000000000111110000000
0000000000000000111100000000
0000000000000000011000000000
0000000000000000000000000000
