0000000000000000000000000000
0000000000000000000000000000
0000000000000000000000000000
0000000000000000000000000000
0000000000000000000000000000
0000000000000000000000000000
0000000000000000000000000000
0000000111111110000000000000
0000000111111111100000000000
0000000111111111111100000000
0000001111000111111110000000
0000111111000001111111000000
0000111110000000001111000000
0000111110000000001111000000
0000111110000000001111000000
0000111100000000011110000000
0000000000000000111110000000
0000000000000000111100000000
0000000000000001111100000000
0000000000000001111000000000
0000000000000001111000000000
0000000000000011110000000000
0000000000000111100000000000
0000000000000111100000000000
0000000000000111100000000000
0000000000001111000000000000
0000000000001110000000000000
0000000000000000000000000000
