0000000000000000000000000000
0000000000000000000000000000
0000000000000000000000000000
0000000000000000000000000000
0000000000000000000000000000
0000000000000000000000000000
0000000000000000111100000000
0000000000100111111100000000
0000000001111111111000000000
0000000011111111111000000000
0000000011111111111000100000
0000000111100001110001100000
0000000111100011110001100000
0000000111100011100011100000
0000000000000111100011100000
0000000000000111000011000000
0000000000001111000011000000
0000000000001111000000000000
0000000000001110000000000000
0000000000011110000000000000
0000000000011110000000000000
0000000000111100000011100000
0000000000111100000011100000
0000000000111000000011100000
0000000001111000000000000000
0000000001110000000000000000
0000000000000000000000000000
0000000000000000000000000000
