0000000000000000000000000000
0000000000000000000000000000
0000000000000000000000000000
0000000000000000000000000000
0000000000000000000000000000
0000000000000000000000000000
0000000000000000000000000000
0000000000000000000000000000
0000000001001111000000111100
0000000111111111111111111100
0000000111111111111111111100
0000001111111000111111111100
0000001111100000000111110000
0000001110000000011111100000
0000000000000000111110000000
0000000000000001111100000000
0000000000000011111000000000
0000000000000111110000000000
0000000000001111000000000000
0000000000011111000000000000
0000000000111110000000000000
0000000001111100000000000000
0000000011110000000000000000
0000000111100000000000000000
0000001111000000000000000000
0000001111000000000000000000
0000001111000000000000000000
0000001111000000000000000000
