0000000000000000000000000000
0000000000000000000000000000
0000000000000000000000000000
0000000000000000000000000000
0000000000000000000000000000
0000000000000000000000000000
0000000000000000000000000000
0000000000000001111110000000
0000000000000011111110000000
0000000000011111111110000000
0000000001111110011100000000
0000000111111100011100000000
0000000111110000111100000000
0000001111000000111000000000
0000000110000001111000000000
0000000000000001110000000000
0000000000000001110000000000
0000000000000011110000000000
0000000000000011100000000000
0000000000000111000000000000
0000000000000111000000000000
0000000000001111000000000000
0000000000001111000000000000
0000000000001111000000000000
0000000000001111000000000000
0000000000001111000000000000
0000000000001110000000000000
0000000000000000000000000000
