0000000000000000000000000000
0000000000000000000000000000
0000000000000000000000000000
0000000000000000000000000000
0000000000000000000000000000
0000000000000000000000000000
0000000000000000111110000000
0000000000000111111111000000
0000000111111111111111000000
0000000111111111111110000000
0000000111111111111110000000
0000000111111101111100000000
0000000000000001111100000000
0000000000000011111000000000
0000000000000011111111000000
0000000111111111111111000000
0000011111111111111111100000
0000011111111111111111100000
0000011111111111000000000000
0000001110011111000000000000
0000000000011110000000000000
0000000000011110000000000000
0000000000111110000000000000
0000000000111110000000000000
0000000000111110000000000000
0000000000011110000000000000
0000000000000000000000000000
0000000000000000000000000000
