0000000000000000000000000000
0000000000000000000000000000
0000000000000000000000000000
0000000000000000000000000000
0000000000000000000000000000
0000000000000000000000000000
0000000000001110000000000000
0000000000011111101110000000
0000000000111111111110000000
0000000000111111111110000000
0000000001111000111100000000
0000000001111000011100000000
0000000001110001111000000000
0000000000000001111000000000
0000000000000011110000000000
0000000000000011110000000000
0000000000000111100000000000
0000000000001111000000000000
0000000000001111000000000000
0000000000011110000000000000
0000000000011100000000000000
0000000000111100000000000000
0000000000111000000000000000
0000000001111000000000000000
0000000001110000000000000000
0000000001110000000000000000
0000000000000000000000000000
0000000000000000000000000000
