0000000000000000000000000000
0000000000000000000000000000
0000000000000000000000000000
0000000000000000000000000000
0000000000000000000000000000
0000000000111111100000000000
0000000001111111110000000000
0000000011111111111000000000
0000000111100001111100000000
0000000111000000111100000000
0000000111000000011110000000
0000000111000000011110000000
0000000111000000011110000000
0000000111000000011110000000
0000000000000000011110000000
0000000000000000111111100000
0000000000001111111111100000
0000000000111111111111000000
0000000000111111110000000000
0000000000011111110000000000
0000000000001111100000000000
0000000000011111000000000000
0000000000111110000000000000
0000000000111110000000000000
0000000000111100000000000000
0000000000000000000000000000
0000000000000000000000000000
0000000000000000000000000000
