0000000000000000000000000000
0000000000000000000000000000
0000000000000000000000000000
0000000000000000000000000000
0000000000000000000000000000
0000000000000000000000000000
0000000000000000000000000000
0000000000000000000000000000
0000000000000000111111110000
0000001100111111111111110000
0000111111111111111111110000
0000111111111111111111110000
0000111111111100011111100000
0000111111110001111111100000
0000000000000011111110000000
0000000000000111111100000000
0000000000001111111000000000
0000000000001111100000000000
0000000000111111100000000000
0000000001111111000000000000
0000000011111100000000000000
0000000111111000000000000000
0000000111110000000000000000
0000001111100000000000000000
0000001111100000000000000000
0000000110000000000000000000
0000000000000000000000000000
0000000000000000000000000000
