0000000000000000000000000000
0000000000000000000000000000
0000000000000000000000000000
0000000000000000000000000000
0000000000000000000000000000
0000000000000000000000000000
0000000001111000000000000000
0000000011111111001111000000
0000000011111111111111100000
0000000111111111111111100000
0000000111111111111111100000
0000011111110000011111000000
0000011111000000011111000000
0000011111000000111111000000
0000011110000001111110000000
0000011110000001111100000000
0000000000000001111000000000
0000000000000011111000000000
0000000000000011111000000000
0000000000000011110000000000
0000000000001111110000000000
0000000000011111100000000000
0000000000111110000000000000
0000000000111100000000000000
0000000000111100000000000000
0000000000111100000000000000
0000000000000000000000000000
0000000000000000000000000000
