0000000000000000000000000000
0000000000000000000000000000
0000000000000000000000000000
0000000000000000000000000000
0000000000000000000000000000
0000000000000000000000000000
0000000000000000000000000000
0000000000000000000111000000
0000000011111111111111100000
0000000011111111111111100000
0000000111111111111111000000
0000001111111111111111000000
0000001111110001111111000000
0000001111000000111110000000
0000011111000000111110000000
0000011111000001111110000000
0000011111000001111100000000
0000011110000001111100000000
0000001110000011111000000000
0000000000000011111000000000
0000000000000011111000000000
0000000000000011111000000000
0000000000000011111000000000
0000000000000111111000000000
0000000000000111111000000000
0000000000000011111000000000
0000000000000011111000000000
0000000000000000000000000000
