0000000000000000000000000000
0000000000000000000000000000
0000000000000000000000000000
0000000000000000000000000000
0000000000011111000000000000
0000000111111111100000000000
0000011111111111100000000000
0000011111110011110000000000
0000011111100001110000000000
0000001110000001110000000000
0000000000000001110000000000
0000000000000001110000000000
0000000000000001110000000000
0000000000000001110000000000
0000000000000001110000000000
0000000000000001110000000000
0000000000000001110000000000
0000000000000001110000111000
0000000000000011111111111000
0000000111111111111111111000
0000000111111111111111111000
0000000111111111111100000000
0000000001100001110000000000
0000000000000000110000000000
0000000000000000000000000000
0000000000000000000000000000
0000000000000000000000000000
0000000000000000000000000000
