0000000000000000000000000000
0000000000000000000000000000
0000000000000000000000000000
0000000000000000000000000000
0000000000000000000000000000
0000000000000000000000000000
0000000000000000000000000000
0000000000111111111111110000
0000000011111111111111110000
0000000111111111111111110000
0000001111111111111111100000
0000001111111000111111100000
0000011111100000011111000000
0000111111100000111110000000
0000111110111111111110000000
0000111101111111111111100000
0000110001111111111111100000
0000000001111111111111100000
0000000001111111111111000000
0000000001101111110000000000
0000000000001111100000000000
0000000000011111000000000000
0000000000011110000000000000
0000000000111100000000000000
0000000000111100000000000000
0000000000111000000000000000
0000000000111000000000000000
0000000000000000000000000000
