0000000000000000000000000000
0000000000000000000000000000
0000000000000000000000000000
0000000000000000000000000000
0000000000000000000000000000
0000000000000000000000000000
0000000000001110011111100000
0000000000001111111111100000
0000000000000111111111000000
0000000000000000001110000000
0000000000000000011110000000
0000000000000000011100000000
0000000000000000111000000000
0000000000000001110000000000
0000000001111101110000000000
0000000011111111100000000000
0000000011111111000000000000
0000000110011111111111000000
0000000110011111111111000000
0000000110111101111000000000
0000000000111000000000000000
0000000001110000000000000000
0000000001110000000000000000
0000000011100000000000000000
0000000011100000000000000000
0000000011100000000000000000
0000000000000000000000000000
0000000000000000000000000000
