0000000000000000000000000000
0000000000000000000000000000
0000000000000000000000000000
0000000000000000000000000000
0000000000000000000000000000
0000000000000000000000000000
0000000000000000000000000000
0000000000110000011000000000
0000000001111100111000000000
0000000001111111111000000000
0000000001111111111000000000
0000000001100111011000000000
0000000001100000011000000000
0000000001100000011000000000
0000000001100000011000000000
0000000001100000011000000000
0000000001100000011000000000
0000000000000000011000000000
0000000000000000111000000000
0000000000000000111000000000
0000000000000000111000000000
0000000000000000111000000000
0000000000000000110000000000
0000000000000000110000000000
0000000000000000110000000000
0000000000000000110000000000
0000000000000000110000000000
0000000000000000000000000000
