0000000000000000000000000000
0000000000000000000000000000
0000000000000000000000000000
0000000000000000000000000000
0000000000000000000000000000
0000000000000000000000000000
0000000000000000000000000000
0000000000000000000000000000
0001111111111111111000000000
0001111111111111111100000000
0001111111111111111110000000
0001111111111111111110000000
0000011111111111111110000000
0000000000000000001110000000
0000000000000000001110000000
0000000000000000011110000000
0000000000000000011110000000
0000000000000000011110000000
0000000000000000011110000000
0000000000000000011100000000
0000000000000000011100000000
0000000000000000111100000000
0000000000000001111100000000
0000000000000001111100000000
0000000000000001111000000000
0000000000000001111000000000
0000000000000001111000000000
0000000000000001111000000000
