0000000000000000000000000000
0000000000000000000000000000
0000000000000000000000000000
0000000000000000000000000000
0000000000000000000000000000
0000000000000000000000000000
0000000000000000000000000000
0000000000000000000011110000
0000000001111100000111111000
0000000111111111111111110000
0000001111111111111111110000
0000001111111111111111100000
0000011111111111111111000000
0000011111100000111110000000
0000011111100000111110000000
0000011111000001111110000000
0000011110000001111100000000
0000001000000001111100000000
0000000000000001111000000000
0000000000000011110000000000
0000000000000011100000000000
0000000000000111100000000000
0000000000000111100000000000
0000000000001111100000000000
0000000000011111100000000000
0000000000011111000000000000
0000000000011110000000000000
0000000000000000000000000000
