0000000000000000000000000000
0000000000000000000000000000
0000000000000000000000000000
0000000000000000000000000000
0000000000000000000000000000
0000000000000000000000000000
0000000000000000000000000000
0000000000011100011100000000
0000000000111101111100000000
0000000000111111111100000000
0000000001111111101100000000
0000000011111110011100000000
0000000111111000011100000000
0000000111100000011100000000
0000000000000000111000000000
0000000000000000111000000000
0000000000000000110000000000
0000000000000001110000000000
0000000000000001110000000000
0000000000000011110000000000
0000000000000111100000000000
0000000000000111100000000000
0000000000001111000000000000
0000000000001110000000000000
0000000000011110000000000000
0000000000011100000000000000
0000000000111100000000000000
0000000000000000000000000000
