0000000000000000000000000000
0000000000000000000000000000
0000000000000000000000000000
0000000000000000000000000000
0000000000000000000000000000
0000000000000000000000000000
0000000000000000000000000000
0000001100000000000011000000
0000001100000000001111000000
0000000000001111111111000000
0000000000111111111110000000
0000000001111000011100000000
0000000011110000111100000000
0000000111100000111000000000
0000000111000001110000000000
0000000010000001110000000000
0000000000000011110000000000
0000000000000011100000000000
0000000000000111000000000000
0000000000001111000000000000
0000000000001110000000000000
0000000000011100000000000000
0000000000111100000000000000
0000000000111000000000000000
0000000001110000000000000000
0000000111100000000000000000
0000001111000000000000000000
0000000000000000000000000000
