0000000000000000000000000000
0000000000000000000000000000
0000000000000000000000000000
0000000000000000000000000000
0000000000000000000000000000
0000000000000000000000000000
0000000000000000000000000000
0000000000000000000000000000
0011111111111111111111000000
0011111111111111111111000000
0000111111111111111111000000
0000000000000000001111000000
0000000000000000001111000000
0000000000000000011110000000
0000000000000000011100000000
0000000000000000111100000000
0000000000000000111100000000
0000000000000001111000000000
0000000000000011110000000000
0000000000000111100000000000
0000000000000111100000000000
0000000000000111100000000000
0000000000001111000000000000
0000000000011110000000000000
0000000000011110000000000000
0000000000111110000000000000
0000000000111110000000000000
0000000000011110000000000000
