0000000000000000000000000000
0000000000000000000000000000
0000000000000000000000000000
0000000000000000000000000000
0000000000000000000000000000
0000000000000000000000000000
0000000000000000000000000000
0000000000000011110000000000
0000011111111111110000000000
0000011111111111110000000000
0000011111111111110000000000
0000011111000011110000000000
0000000000000011110000000000
0000000000000011110000000000
0000000000000011110000000000
0000000001111111111111100000
0000000001111111111111100000
0000000001111111111111100000
0000000000110111100000000000
0000000000000111000000000000
0000000000000111000000000000
0000000000000110000000000000
0000000000000110000000000000
0000000000000110000000000000
0000000000000110000000000000
0000000000000110000000000000
0000000000000110000000000000
0000000000000000000000000000
