0000000000000000000000000000
0000000000000000000000000000
0000000000000000000000000000
0000000000000000000000000000
0000000000000000000000000000
0000000000000000000000000000
0000000000000000000000000000
0000000000000000000000000000
0001111100000011111111100000
0001111111111111111111100000
0001111111111111111111100000
0000111111111111111111000000
0000011111111110011111000000
0000000111111000011111000000
0000000000000000111110000000
0000000000000000111110000000
0000000000000000111100000000
0000000000000001111100000000
0000000000000001111000000000
0000000000000011111000000000
0000000000000011111000000000
0000000000000011110000000000
0000000000000111110000000000
0000000000000111110000000000
0000000000000011110000000000
0000000000000111110000000000
0000000000000111110000000000
0000000000000111110000000000
