0000000000000000000000000000
0000000000000000000000000000
0000000000000000000000000000
0000000000000000000000000000
0000000000000000000000000000
0000000000000000000000000000
0000000000001111110000000000
0000000001111111111100000000
0000001111111111111110000000
0000111111111000011110000000
0000111111111000011110000000
0000111111100000011110000000
0000111100000000011110000000
0000111100000000011110000000
0000011110000000011110000000
0000011111100000011110000000
0000001110111000111110000000
0000000000111000111100000000
0000000000000000111100000000
0000000000000001111100000000
0000000000000001111000000000
0000000000000011111000000000
0000000000000111110000000000
0000000000000111111100000000
0000000000000111111100000000
0000000000000111100000000000
0000000000000000000000000000
0000000000000000000000000000
