0000000000000000000000000000
0000000000000000000000000000
0000000000000000000000000000
0000000000000000000000000000
0000000000000000000000000000
0000000000000000000000000000
0000000000000110111111000000
0000000000001111111111000000
0000000000011111111111000000
0000000000111111111111000000
0000000001111111111111000000
0000000011111100011111000000
0000000011111000111111000000
0000000011110000111110000000
0000000011100001111100000000
0000000000000011111000000000
0000000000000111111000000000
0000000000011111110000000000
0000000000011111100000000000
0000000000111111000000000000
0000000001111110000000000000
0000000011111100000000000000
0000000111111000000000000000
0000001111110000000000000000
0000011111100000000000000000
0000011111000000000000000000
0000000000000000000000000000
0000000000000000000000000000
