0000000000000000000000000000
0000000000000000000000000000
0000000000000000000000000000
0000000000000000000000000000
0000000000000000000000000000
0000000000000000000000000000
0000000000000000000000000000
0000000111100000000000000000
0000000111111111000000000000
0000000011111111111100000000
0000000001110011111100000000
0000000000000000011100000000
0000000000000000011100000000
0000000000000000011000000000
0000000000000000111000000000
0000000000000000110000000000
0000000000000001110000000000
0000000000000011100000000000
0000000000000011100000000000
0000000000000111000000000000
0000000000001111000000000000
0000000000001110000000000000
0000000000011100000000000000
0000000000011100000000000000
0000000000111000000000000000
0000000001110000000000000000
0000000001110000000000000000
0000000000000000000000000000
