0000000000000000000000000000
0000000000000000000000000000
0000000000000000000000000000
0000000000000000000000000000
0000000000000000000000000000
0000000000000000000000000000
0000000000000000000000000000
0000000000000000000000000000
0000001111111111111111000000
0000001111111111111111000000
0000001111111111111111000000
0000001111000000011111000000
0000001111000000011110000000
0000001111000000111100000000
0000000111000000111100000000
0000000111100000111100000000
0000000111110000111100000000
0000000011110000111100000000
0000000011110001111100000000
0000000001110001111000000000
0000000000000001111000000000
0000000000000001111000000000
0000000000000011111000000000
0000000000000011111000000000
0000000000000011110000000000
0000000000000011110000000000
0000000000000011110000000000
0000000000000011110000000000
