0000000000000000000000000000
0000000000000000000000000000
0000000000000000000000000000
0000000000000000000000000000
0000000000000000000000000000
0000000000000000000000000000
0000000000000000000000000000
0000000001111111111100000000
0000111111111111111110000000
0001111111111111111110000000
0000111111110000011110000000
0000000000000000011100000000
0000000000000000111100000000
0000000000000001111000000000
0000000000000001111000000000
0000000000000001111000000000
0000000000000011110000000000
0000000000000011110000000000
0000000000000111100000000000
0000000000000111100000000000
0000000000000111100000000000
0000000000000111100000000000
0000000000001111000000000000
0000000000001111000000000000
0000000000001111000000000000
0000000000001111000000000000
0000000000001111000000000000
0000000000000000000000000000
