0000000000000000000000000000
0000000000000000000000000000
0000000000000000000000000000
0000000000000000000000000000
0000000000000000000000000000
0000000000000000000000000000
0000000000000000000000000000
0000111100000000001100000000
0000111111111111111111000000
0000011111111111111111000000
0000001111111111111111000000
0000000011111111111111000000
0000000000000001111111000000
0000000000000001111111100000
0000000011111111111111100000
0000000011111111111111100000
0000000011111111111111000000
0000000001111111110000000000
0000000000111111000000000000
0000000000111111000000000000
0000000001111100000000000000
0000000001111100000000000000
0000000011111100000000000000
0000000011111000000000000000
0000000011111000000000000000
0000000011111000000000000000
0000000011111000000000000000
0000000000000000000000000000
