0000000000000000000000000000
0000000000000000000000000000
0000000000000000000000000000
0000000000000000000000000000
0000000000000000000000000000
0000000000000000000000000000
0000000000000000000000000000
0000000011111111111110000000
0000000111111111111111100000
0000000111101111111111100000
0000000111100001111111100000
0000000000000000001111100000
0000000000000000001111100000
0000000000000000011111000000
0000000000000000111110000000
0000000000000000111110000000
0000000000000011111100000000
0000000000000111110000000000
0000000000001111110000000000
0000000000111111000000000000
0000000000111111000000000000
0000000001111110000000000000
0000000011111100000000000000
0000000111111000000000000000
0000000111111000000000000000
0000000111111000000000000000
0000000111110000000000000000
0000000000000000000000000000
