0000000000000000000000000000
0000000000000000000000000000
0000000000000000000000000000
0000000000000000000000000000
0000000000000000000000000000
0000000000000000000000000000
0000000000000000000000000000
0000000000000000000000000000
0000000000000000000000000000
0000000000000000000011110000
0000011111101111111111110000
0000111111111111111111110000
0000111111111111111011110000
0000111111111100000111100000
0000111111000000001111100000
0000000000000000011110000000
0000000000000000011110000000
0000000000000000111100000000
0000000000000000111100000000
0000000000000011111000000000
0000000000000011110000000000
0000000000000111110000000000
0000000000001111100000000000
0000000000001111100000000000
0000000000001111000000000000
0000000000001111000000000000
0000000000000000000000000000
0000000000000000000000000000
