0000000000000000000000000000
0000000000000000000000000000
0000000000000000000000000000
0000000000000000000000000000
0000000000000000000000000000
0000000000000000000000000000
0000000000000000000000000000
0000000000000000000000000000
0000000000000000000000000000
0000000111000111110000000000
0000111111111111111100000000
0001111111111111111110100000
0001111000000000000111100000
0000000000000000000111100000
0000000000000000001111100000
0000000000000000001110000000
0000000000000000111100000000
0000000000000000111101000000
0000000000000001110001100000
0000000000000011100001100000
0000000000000111000000000000
0000000000001111000000000000
0000000000001110000000000000
0000000000011100000000000000
0000000000011000000000000000
0000000000011000000000000000
0000000000000000000000000000
0000000000000000000000000000
