0000000000000000000000000000
0000000000000000000000000000
0000000000000000000000000000
0000000000000000000000000000
0000000000000000000000000000
0000000000000000000000000000
0000000000000000000000000000
0000000111111111110000000000
0000001111111111111000000000
0000001111111111111000000000
0000001111111111111000000000
0000001110000001111000000000
0000000000000001111100000000
0000000000000000111100000000
0000000000000000111100000000
0000000000000000111100000000
0000000000000000111100000000
0000000000000000111000000000
0000000000000000111000000000
0000000000000001111000000000
0000000000000001111000000000
0000000000000001111000000000
0000000000000001111000000000
0000000000000001111000000000
0000000000000001110000000000
0000000000000001111000000000
0000000000000001111000000000
0000000000000000000000000000
