0000000000000000000000000000
0000000000000000000000000000
0000000000000000000000000000
0000000000000000000000000000
0000000000000000000000000000
0000000000000000000000000000
0000000000000000000000000000
0000000011111111110000000000
0000000111111111110000000000
0000000111111111111000000000
0000000001111111111000000000
0000000000000001111000000000
0000000000000001111000000000
0000000000000001111000000000
0000000000000011111000000000
0000000000000011110000000000
0000000000000011110000000000
0000000000000011110000000000
0000000000000011110000000000
0000000000000011110000000000
0000000000000011110000000000
0000000000000011100000000000
0000000000000011110000000000
0000000000000011110000000000
0000000000000011110000000000
0000000000000011100000000000
0000000000000011100000000000
0000000000000000000000000000
