0000000000000000000000000000
0000000000000000000000000000
0000000000000000000000000000
0000000000000000000000000000
0000000000000000000000000000
0000000000000000000000000000
0000000000000000000000000000
0000000011110000000000000000
0000000011111110000000000000
0000000011111111110000000000
0000000011111111111100000000
0000000001100001111110000000
0000000001110000011110000000
0000000001110000001110000000
0000000001110000001110000000
0000000001110000011110000000
0000000001100000011100000000
0000000000000000111100000000
0000000000000000111100000000
0000000000000000111000000000
0000000000000000111000000000
0000000000000001111000000000
0000000000000001110000000000
0000000000000011110000000000
0000000000000011100000000000
0000000000000011100000000000
0000000000000011100000000000
0000000000000000000000000000
