0000000000000000000000000000
0000000000000000000000000000
0000000000000000000000000000
0000000000000000000000000000
0000000000000000000000000000
0000000000000000000000000000
0000000000111111111110000000
0000000001111111111110000000
0000000001111111111110000000
0000000000111111111100000000
0000000000011001111100000000
0000000000000001111100000000
0000000000000001111000000000
0000000000000011110000000000
0000000000000111110000000000
0000000000000111100000000000
0000000001101111111000000000
0000000011111111111000000000
0000000011111111111000000000
0000000011111111110000000000
0000000001111110000000000000
0000000000111100000000000000
0000000000111100000000000000
0000000000111100000000000000
0000000000111100000000000000
0000000000111100000000000000
0000000000000000000000000000
0000000000000000000000000000
