0000000000000000000000000000
0000000000000000000000000000
0000000000000000000000000000
0000000000000000000000000000
0000000000000000000000000000
0000000000000000000000000000
0000000000000000000111100000
0000000000000001111111100000
0000000000001111111111100000
0000000111111111111111000000
0000000111111111111110000000
0000000111111101111100000000
0000000000000001111000000000
0000000000000011110000000000
0000000000000011110000000000
0000000000000111100000000000
0000000000000111100000000000
0000000000001111000000000000
0000000000001110000000000000
0000000000011110000000000000
0000000000011110000000000000
0000000000111110000000000000
0000000000111110000000000000
0000000000111110000000000000
0000000000011111000000000000
0000000000001110000000000000
0000000000000000000000000000
0000000000000000000000000000
