0000000000000000000000000000
0000000000000000000000000000
0000000000000000000000000000
0000000000000000000000000000
0000000000000000000000000000
0000000000000000000000000000
0000000011100000000000000000
0000000111111111111100000000
0000000111111111111111000000
0000000111111111111111000000
0000000111100000111111000000
0000001111100000111110000000
0000001111100001111100000000
0000000111100011111000000000
0000000111000011111000000000
0000000011000011111000000000
0000000000000011110000000000
0000000000000111110000000000
0000000000000011110000000000
0000000000000011110000000000
0000000000000011110000000000
0000000000000011110000000000
0000000000000011111000000000
0000000000000011111110000000
0000000000000001111110000000
0000000000000000111110000000
0000000000000000000000000000
0000000000000000000000000000
