0000000000000000000000000000
0000000000000000000000000000
0000000000000000000000000000
0000000000000000000000000000
0000000000000000000000000000
0000000000000000000000000000
0000000000000000000000000000
0000001111110000000000000000
0000011111111100000000000000
0000011111111111111000000000
0000011110111111111100000000
0000011110001111111110000000
0000001110000000001111000000
0000001110000000000111000000
0000001110000100000111000000
0000000000011111111111000000
0000000000011111111111111000
0000000000001110001111111000
0000000000000000011100000000
0000000000000000011100000000
0000000000000000011100000000
0000000000000000111000000000
0000000000000001111000000000
0000000000000001110000000000
0000000000000011110000000000
0000000000000011110000000000
0000000000000011100000000000
0000000000000000000000000000
