0000000000000000000000000000
0000000000000000000000000000
0000000000000000000000000000
0000000000000000000000000000
0000000000000000000000000000
0000000000000000000000000000
0000000000000111100000000000
0000000000001111110000000000
0000001111111111110000000000
0000001111111111110000000000
0000001111111001111000000000
0000000111000000111000000000
0000000110000000111000000000
0000000000000000111000000000
0000000000000000111000000000
0000000000000000111000000000
0000000000000000111000000000
0000000000000000111000000000
0000000000000000110000000000
0000000000000001110000000000
0000000000000001110000000000
0000000000000011110000000000
0000000000000011110000000000
0000000000000011111110000000
0000000000000001111111000000
0000000000000000011111000000
0000000000000000000000000000
0000000000000000000000000000
