0000000000000000000000000000
0000000000000000000000000000
0000000000000000000000000000
0000000000000000000000000000
0000000000000000000000000000
0000000000000000000000000000
0000000000000000000000000000
0001111111100001111000000000
0001111111111001111100000000
0001111111111110111100000000
0001111111111111111110000000
0001111111111111111110000000
0001111111111111111111000000
0001111100111111111111000000
0001111000000111111111100000
0001110000000011111111100000
0001110000000001111111100000
0000000000000000111111100000
0000000000000000111111100000
0000000000000000011111100000
0000000000000000001111100000
0000000000000000001111100000
0000000000000000000111100000
0000000000000000000111100000
0000000000000000000111100000
0000000000000000000111100000
0000000000000000000111100000
0000000000000000000000000000
