0000000000000000000000000000
0000000000000000000000000000
0000000000000000000000000000
0000000000000000000000000000
0000000000000000000000000000
0000000000000000000000000000
0000000000000000000000000000
0000000000000000000000110000
0000000011101111111111110000
0000000111111111111111110000
0000000111111111111111110000
0000001111111111111111110000
0000011111111000000111100000
0000011111110000001111100000
0000111111000000011111000000
0000111110000000111110000000
0000111100000000111110000000
0000111000000001111100000000
0000000000000011111000000000
0000000000000011110000000000
0000000000000111110000000000
0000000000001111100000000000
0000000000011111000000000000
0000000000011111000000000000
0000000000011110000000000000
0000000000011110000000000000
0000000000000000000000000000
0000000000000000000000000000
