0000000000000000000000000000
0000000000000000000000000000
0000000000000000000000000000
0000000000000000000000000000
0000000000000000000000000000
0000000000000000000000000000
0000000000000000000000000000
0001110000000000111111100000
0001111111111111111111100000
0001111111111111111111100000
0001111111111111111111100000
0000011111111111111111100000
0000000000001110111111100000
0000000000000000111111000000
0000000000000001111110000000
0000000000000001111110000000
0000000000000111111100000000
0000000000001111111000000000
0000000000001111110000000000
0000000000111111110000000000
0000000000111111000000000000
0000000000111111000000000000
0000000001111110000000000000
0000000001111110000000000000
0000000011111110000000000000
0000000011111100000000000000
0000000000111100000000000000
0000000000000000000000000000
