0000000000000000000000000000
0000000000000000000000000000
0000000000000000000000000000
0000000000000000000000000000
0000000000000000000000000000
0000000000000000000000000000
0000000000000111111100000000
0000000000011111111110000000
0000000001111111111110000000
0000000111111100011110000000
0000001111110000111110000000
0000011111100000111110000000
0000011111000000111100000000
0000011110000001111000000000
0000001100000001111000000000
0000000000000001111000000000
0000000000000011111000000000
0000000000000011110000000000
0000000000000011110000000000
0000000000000011110000000000
0000000000000111100000000000
0000000000000111100000000000
0000000000001111100000000000
0000000000001111100000000000
0000000000001111100000000000
0000000000001111100000000000
0000000000000000000000000000
0000000000000000000000000000
