0000000000000000000000000000
0000000000000000000000000000
0000000000000000000000000000
0000000000000000000000000000
0000000000000000000000000000
0000000000000000000000000000
0000000000000001111110000000
0000000000111111111110000000
0000000001111111111110000000
0000000001111111111110000000
0000000001111110111110000000
0000000000110000111100000000
0000000000000001111100000000
0000000000000001111000000000
0000000000000011111000000000
0000000000000011110110000000
0000000000001111111110000000
0000000001111111111110000000
0000000001111111111100000000
0000000001111111100000000000
0000000001111111000000000000
0000000000011110000000000000
0000000000111110000000000000
0000000000111110000000000000
0000000000111110000000000000
0000000000111100000000000000
0000000000000000000000000000
0000000000000000000000000000
