0000000000000000000000000000
0000000000000000000000000000
0000000000000000000000000000
0000000000000000000000000000
0000000000000000000000000000
0000000000000000000000000000
0000000000000000000000000000
0000000000000000000000000000
0000000000000000000000000000
0000000001100111111111110000
0000001111111111111111110000
0000011111111111111111110000
0000111111111110000111110000
0000111110000000011111000000
0000111000000000111111000000
0000000000000011111110000000
0000000000000011111000000000
0000000000001111110000000000
0000000000011111100000000000
0000000000011111000000000000
0000000000111110000000000000
0000000001111100000000000000
0000000011111000000000000000
0000000111110000000000000000
0000000111100000000000000000
0000000111000000000000000000
0000000011000000000000000000
0000000000000000000000000000
