0000000000000000000000000000
0000000000000000000000000000
0000000000000000000000000000
0000000000000000000000000000
0000000000000000000000000000
0000000000000000000000000000
0000000000000000000000000000
0000000001111101111111000000
0000000001111111111111000000
0000000011111111111110000000
0000000011111111001110000000
0000000011111000011110000000
0000000011110000011100000000
0000001011110000011100000000
0000001011100000111100000000
0000001111100000111100000000
0000000000000000111000000000
0000001000000001111000000000
0000001000000001111000000000
0000001000000011110000000000
0000000000000011110000000000
0000000000000011100000000000
0000000000000111100000000000
0000000000000111100000000000
0000000000001111000000000000
0000000000001111000000000000
0000000000001111000000000000
0000000000000000000000000000
