0000000000000000000000000000
0000000000000000000000000000
0000000000000000000000000000
0000000000000000000000000000
0000000000000000000000000000
0000000000000000000000000000
0000000000000000000000000000
0000000000000000000000000000
0000000000000000000000000000
0000001111111111111110000000
0001111111111111111111100000
0001111111110000001111100000
0001111000000000000011100000
0001111000000000000001100000
0000111100000000000001100000
0000011100000000000011100000
0000011100000000000011100000
0000000000000000000011100000
0000000000000000000111000000
0000000000000000000111000000
0000000000000000001110000000
0000000000000000011110000000
0000000000000000011100000000
0000000000000000111100000000
0000000000000000111000000000
0000000000000001110000000000
0000000000000001100000000000
0000000000000000000000000000
