0000000000000000000000000000
0000000000000000000000000000
0000000000000000000000000000
0000000000000000000000000000
0000000000000000000000000000
0000000000000000000000000000
0000000000000111111000000000
0000000000111111111000000000
0000001111111111111000000000
0000001111110000111000000000
0000001110000000110000000000
0000001000000001110000000000
0000000000000001110000000000
0000000000000001110000000000
0000000000000011100011000000
0000000000000011111111000000
0000000000011111111111000000
0000000000011111111110000000
0000000000011011000000000000
0000000000000011000000000000
0000000000000011000000000000
0000000000000111000000000000
0000000000000111000000000000
0000000000000111000000000000
0000000000000111100000000000
0000000000000011100000000000
0000000000000000000000000000
0000000000000000000000000000
