0000000000000000000000000000
0000000000000000000000000000
0000000000000000000000000000
0000000000000000000000000000
0000000000000000000000000000
0000000000000000000000000000
0000000000000000000000000000
0000000000000000000000000000
0000000000000000000011100000
0001111111111110011111100000
0001111111111111111111100000
0001111111111111111111100000
0001111110000000000011100000
0000011110000000000111100000
0000011111000000000111100000
0000001111000000001111000000
0000011110000000001111000000
0000011110000000011110000000
0000000000000000011110000000
0000000000000000011100000000
0000000000000000111100000000
0000000000000000111100000000
0000000000000000111000000000
0000000000000000111000000000
0000000000000000111000000000
0000000000000000111100000000
0000000000000000111100000000
0000000000000000011000000000
