0000000000000000000000000000
0000000000000000000000000000
0000000000000000000000000000
0000000000000000000000000000
0000000000000000000000000000
0000000000000000000000000000
0000000000000000000000000000
0000000111111111000000000000
0000000111111111100000000000
0000001111000111111000000000
0000001111000001111100000000
0000000111100000011110000000
0000000111100000001110000000
0000000111100000001110000000
0000000011100000001110000000
0000000011000000001100000000
0000000000000000011100000000
0000000000000000011000000000
0000000000000000111000000000
0000000000000000111000000000
0000000000000001110000000000
0000000000000001110000000000
0000000000000001110000000000
0000000000000011100000000000
0000000000000011111000000000
0000000000000011111000000000
0000000000000011110000000000
0000000000000000000000000000
