0000000000000000000000000000
0000000000000000000000000000
0000000000000000000000000000
0000000000000000000000000000
0000000000000000000000000000
0000000000000000000000000000
0000000000000000000000000000
0000000000000000000001111100
0000000000000011111011111100
0000000000001111111111111100
0000000001111111111111111100
0000000111111111111111110000
0000001111111111111111000000
0000001111111101111110000000
0000001111111011111110000000
0000000011000111111100000000
0000000000001111111000000000
0000000000011111100000000000
0000000000111111000000000000
0000000001111110000000000000
0000000011111100000000000000
0000000111111000000000000000
0000001111111000000000000000
0000001111110000000000000000
0000001111100000000000000000
0000000000000000000000000000
0000000000000000000000000000
0000000000000000000000000000
