0000000000000000000000000000
0000000000000000000000000000
0000000000000000000000000000
0000000000000000000000000000
0000000000000000000000000000
0000000000000000000000000000
0000000000000000000000000000
0000000001111111111110000000
0000000011111111111110000000
0000000011111111111110000000
0000000011111111111110000000
0000000111111111111100000000
0000000111110000111100000000
0000000111100001111100000000
0000000111100001111000000000
0000000111000011111000000000
0000000000000011111000000000
0000000000000011110000000000
0000000000000011110000000000
0000000000000111110000000000
0000000000000111100000000000
0000000000000111100000000000
0000000000001111100000000000
0000000000001111100000000000
0000000000001111000000000000
0000000000011110000000000000
0000000000001110000000000000
0000000000000000000000000000
