0000000000000000000000000000
0000000000000000000000000000
0000000000000000000000000000
0000000000000000000000000000
0000000000000000000000000000
0000000000000000000000000000
0000000000000000000000000000
0000000011111111111100000000
0000000011111111111100000000
0000000011111111111100000000
0000000011110111111100000000
0000000011110001111100000000
0000000011100001111000000000
0000000011000001111000000000
0000000000000001110000000000
0000000000000011110000000000
0000000000000011110000000000
0000000000000011110000000000
0000000000000011110000000000
0000000000000011100000000000
0000000000000111100000000000
0000000000000111100000000000
0000000000000111000000000000
0000000000001111000000000000
0000000000001111000000000000
0000000000001111000000000000
0000000000001111000000000000
0000000000000000000000000000
