0000000000000000000000000000
0000000000000000000000000000
0000000000000000000000000000
0000000000000000000000000000
0000000000000000000000000000
0000000000000000000000000000
0000000000000001111111100000
0000000000111111111111100000
0000111111111111111111100000
0000111111111111111111100000
0000111111111100011111000000
0000111111000000111111000000
0000000000000000111110000000
0000000000000000111110000000
0000000000000001111100000000
0000011111111111111110000000
0000111111111111111110000000
0000111111111111111100000000
0000011111111111111000000000
0000000000000111110000000000
0000000000000111100000000000
0000000000001111100000000000
0000000000001111100000000000
0000000000001111100000000000
0000000000001111100000000000
0000000000001111000000000000
0000000000000000000000000000
0000000000000000000000000000
