0000000000000000000000000000
0000000000000000000000000000
0000000000000000000000000000
0000000000000000000000000000
0000000000000000000000000000
0000000000000000000000000000
0000000000000000000000000000
0000000011111111110000000000
0000000111111111111100000000
0000000111101111111110000000
0000000111000000111110000000
0000000111000000011110000000
0000000111000000111100000000
0000000111000000111100000000
0000000111100001111000000000
0000000011100001111111100000
0000000000011111111111100000
0000000111111111111111000000
0000000111111111110000000000
0000000111100011110000000000
0000000000000011110000000000
0000000000000011100000000000
0000000000000111100000000000
0000000000000111000000000000
0000000000000111000000000000
0000000000000111000000000000
0000000000000111000000000000
0000000000000000000000000000
