0000000000000000000000000000
0000000000000000000000000000
0000000000000000000000000000
0000000000000000000000000000
0000000000000000000000000000
0000000000000000000000000000
0000000000000000000000000000
0000000000000000000000000000
0000111111111111110000000000
0001111111111111111100000000
0000111101111111111100000000
0000111100000010011100000000
0000011100000000001100000000
0000000000000000001100000000
0000000000000000011100000000
0000000000000000011100000000
0000000000000000011100000000
0000000000000000011100000000
0000000000000000111100000000
0000000000000000111100000000
0000000000000000111000000000
0000000000000000111000000000
0000000000000000111000000000
0000000000000000111000000000
0000000000000000111000000000
0000000000000000111000000000
0000000000000000111000000000
0000000000000000111000000000
