0000000000000000000000000000
0000000000000000000000000000
0000000000000000000000000000
0000000000000000000000000000
0000000000000000000000000000
0000000000000000000000000000
0000000000001111111100000000
0000000001111111111110000000
0000000111111111111110000000
0000011111111000011110000000
0000011111100000111110000000
0000001100000000111100000000
0000000000000000111110000000
0000000000000001111110000000
0000000000000001111100000000
0000000000000001111000000000
0000000000000011111000000000
0000000000000011111000000000
0000000000000111110000000000
0000000000001111110000000000
0000000000001111100000000000
0000000000011111000000000000
0000000000011111000000000000
0000000000111110000000000000
0000000000111110000000000000
0000000000111100000000000000
0000000000000000000000000000
0000000000000000000000000000
