0000000000000000000000000000
0000000000000000000000000000
0000000000000000000000000000
0000000000000000000000000000
0000000000000000000000000000
0000000000000000000000000000
0011111111111110000000000000
0011111111111111100000000000
0001111111111111111000000000
0000011111111111111100000000
0000000000001111111110000000
0000000000001111111110000000
0000000000001111111110000000
0000000000001111111110000000
0000000000000111111110000000
0000000000000111111110000000
0000000000000111111110000000
0000000000000111111110000000
0000000000000111111110000000
0000000000000111111110000000
0000000000001111111110000000
0000000000001111111110000000
0000000000001111111110000000
0000000000000111111110000000
0000000000000011111110000000
0000000000000000001110000000
0000000000000000000000000000
0000000000000000000000000000
