0000000000000000000000000000
0000000000000000000000000000
0000000000000000000000000000
0000000000000000000000000000
0000000000000000000000000000
0000000000000000000000000000
0000000000000000000000000000
0000000000000001111111000000
0000011111111111111111000000
0000111111111111111111000000
0000111111111100001111000000
0000111100000000001111000000
0000111100000000011110000000
0000011110000000111100000000
0000001110000000111100000000
0000001110000000111100000000
0000000000000001111000000000
0000000000000001111000000000
0000000000000001111000000000
0000000000000001111000000000
0000000000000011110000000000
0000000000000011100000000000
0000000000000011100000000000
0000000000000111100000000000
0000000000000111000000000000
0000000000000111000000000000
0000000000000111000000000000
0000000000000000000000000000
