0000000000000000000000000000
0000000000000000000000000000
0000000000000000000000000000
0000000000000000000000000000
0000000000000000000000000000
0000000000000000000000000000
0000000000000000011111100000
0000000000000011111111100000
0000000000110111111111100000
0000000001111111111011100000
0000000011111111000011100000
0000000011111100000111100000
0000000111111000000111100000
0000000111100000000111000000
0000001111100000001111000000
0000011111000000011110000000
0000011110000000111110000000
0000111100000001111100000000
0000111100000001111000000000
0000010000000011111000000000
0000000000000011110000000000
0000000000000111100000000000
0000000000001111100000000000
0000000000001111000000000000
0000000000001111000000000000
0000000000001111000000000000
0000000000000000000000000000
0000000000000000000000000000
