0000000000000000000000000000
0000000000000000000000000000
0000000000000000000000000000
0000000000000000000000000000
0000000000000000000000000000
0000000000000000000000000000
0000000000000000000000000000
0000000000000000000000000000
0000000000000000000000000000
0001111111111111111111000000
0011111111111111111111000000
0011111111111111111111000000
0011111111111111111111000000
0011111111111111111111000000
0011110000000000111110000000
0000000000000000111110000000
0000000000000001111110000000
0000000000000001111100000000
0000000000000001111100000000
0000000000000001111100000000
0000000000000001111110000000
0000000000000001111100000000
0000000000000011111100000000
0000000000000111111100000000
0000000000000111111000000000
0000000000000111100000000000
0000000000000000000000000000
0000000000000000000000000000
