0000000000000000000000000000
0000000000000000000000000000
0000000000000000000000000000
0000000000000000000000000000
0000000000000000000000000000
0000000000000000000000000000
0000000000000000000000000000
0000000000000001111100000000
0000000100111111111110000000
0000111111111111111110000000
0000111111111111111100000000
0000111111111110111110000000
0000011111110000111110000000
0000000000000000111110000000
0000000000000000111100000000
0000000000000001111100000000
0000000000000011111100000000
0000000000000011111000000000
0000000000001111110000000000
0000000000011111110000000000
0000000000011111100000000000
0000000000111111000111000000
0000000001111110000111100000
0000000011111100000111110000
0000000011111000000111110000
0000000000000000000000000000
0000000000000000000000000000
0000000000000000000000000000
