0000000000000000000000000000
0000000000000000000000000000
0000000000000000000000000000
0000000000000000000000000000
0000000000000000000000000000
0000011111111111000000000000
0000011111111111100000000000
0000011111111111110000000000
0000011111111111111111000000
0000011111111111111111000000
0000001111111111111110000000
0000000011111111110000000000
0000000000111111110000000000
0000000001111111111100000000
0000000011111001111110000000
0000000011110000111111000000
0000000011110000011111100000
0000000011110000001111100000
0000000011111000000111100000
0000000011111110000111100000
0000000001111111100111100000
0000000000111111111111100000
0000000000011111111111100000
0000000000000111111111100000
0000000000000000111111000000
0000000000000000000000000000
0000000000000000000000000000
0000000000000000000000000000
