0000000000000000000000000000
0000000000000000000000000000
0000000000000000000000000000
0000000000000000000000000000
0000000000000000000000000000
0000000000000000000000000000
0000000000001111111111100000
0000000000111111111111100000
0000000011111111111111110000
0000000011111000000111110000
0000000111111000000011110000
0000000111100000000111100000
0000000111100000011111100000
0000000011111001111111000000
0000000001111011111100000000
0000000001111111111100000000
0000000000111111100000000000
0000000000111111000000000000
0000000011111110000000000000
0000000011111111000000000000
0000000111111111000000000000
0000000111101110000000000000
0000001111001110000000000000
0000001111111110000000000000
0000001111111100000000000000
0000000011111100000000000000
0000000000000000000000000000
0000000000000000000000000000
