0000000000000000000000000000
0000000000000000000000000000
0000000000000000000000000000
0000000000000000000000000000
0000000000000000000000000000
0000000000000111111110000000
0000000000001111111110000000
0000000000111111111110000000
0000000000111111111110000000
0000000001111111111110000000
0000000001111111110000000000
0000000001111111100000000000
0000000001111111000000000000
0000000001111110000000000000
0000000001111111000000000000
0000000000111111110000000000
0000000000111111110000000000
0000000001111011111000000000
0000000001111001111100000000
0000000001110001111100000000
0000000001111000111100000000
0000000001111101111100000000
0000000001111111111100000000
0000000000111111111100000000
0000000000111111111000000000
0000000000000000000000000000
0000000000000000000000000000
0000000000000000000000000000
