0000000000000000000000000000
0000000000000000000000000000
0000000000000000000000000000
0000000000000000000000000000
0000000000000000000000000000
0000000000000011111111100000
0000000000000111111111110000
0000000000001111111111110000
0000000000001111111111111000
0000000000001111100111111000
0000000000001111001111110000
0000000000001111011111110000
0000000000001111111111100000
0000000000001111111111000000
0000000000001111111110000000
0000000000011111110000000000
0000000000111111110000000000
0000000011111111100000000000
0000000111111111100000000000
0000001111111111100000000000
0000011111111111000000000000
0000011111111110000000000000
0000011111111110000000000000
0000011111111110000000000000
0000011111111000000000000000
0000000000000000000000000000
0000000000000000000000000000
0000000000000000000000000000
