0000000000000000000000000000
0000000000000000000000000000
0000000000000000000000000000
0000000000000000000000000000
0000000000000000000000000000
0000000000000000000000000000
0000000000000000000000000000
0000000000011111111110000000
0000000000111111111111000000
0000000001111111000111000000
0000000001111000011111111100
0000000001111111111111111100
0000000001111111111111111100
0000000011111111100000000000
0000000011111111110000000000
0000000111100011111000000000
0000001111000000111100000000
0000001110000000011100000000
0000001110000000011100000000
0000001111100011111100000000
0000000111111111111000000000
0000000011111111110000000000
0000000001111111000000000000
0000000000000000000000000000
0000000000000000000000000000
0000000000000000000000000000
0000000000000000000000000000
0000000000000000000000000000
