0000000000000000000000000000
0000000000000000000000000000
0000000000000000000000000000
0000000000000000000000000000
0000000000000000000000000000
0000000000000001111111111100
0000000000000111111111111100
0000000000000111111111111100
0000000001111111111111111100
0000000001111100000111111000
0000000001111110011111110000
0000000000111111111111100000
0000000000111111111111000000
0000000000001111111000000000
0000000000111111110000000000
0000000001111111110000000000
0000000111111111110000000000
0000001111111111100000000000
0000001111110111100000000000
0000001111101111100000000000
0000001111011111100000000000
0000001111111111000000000000
0000001111111110000000000000
0000001111111100000000000000
0000001111111000000000000000
0000000000000000000000000000
0000000000000000000000000000
0000000000000000000000000000
