0000000000000000000000000000
0000000000000000000000000000
0000000000000000000000000000
0000000000000000000000000000
0000000000000000000000000000
0000000000111111100000000000
0000000001111111111000000000
0000000001110000011100000000
0000000001100000011100000000
0000000001110000111100000000
0000000001111001111000000000
0000000000111111110000000000
0000000000011111110000000000
0000000000000111110000000000
0000000000000111111000000000
0000000000001110011100000000
0000000000001110011110000000
0000000000011100001110000000
0000000000011100000110000000
0000000000011000000110000000
0000000000011000001110000000
0000000000011000011100000000
0000000000011000111100000000
0000000000011111111000000000
0000000000011111100000000000
0000000000000000000000000000
0000000000000000000000000000
0000000000000000000000000000
