0000000000000000000000000000
0000000000000000000000000000
0000000000000000000000000000
0000000000000000000000000000
0000000000000000000000000000
0000000000011111000000000000
0000000000111111100000000000
0000000001111011100000000000
0000000001100001100000000000
0000000011100001100000000000
0000000011000011100000000000
0000000011000111100000000000
0000000011111111100000000000
0000000011111111111000000000
0000000000001111111000000000
0000000000001110011000000000
0000000000001100011100000000
0000000000011100011100000000
0000000000011100011100000000
0000000000011000011100000000
0000000000011000111100000000
0000000000011000111000000000
0000000000011001110000000000
0000000000011111100000000000
0000000000011111000000000000
0000000000000000000000000000
0000000000000000000000000000
0000000000000000000000000000
