0000000000000000000000000000
0000000000000000000000000000
0000000000000000000000000000
0000000000000000000000000000
0000000000000000000000000000
0000000000000111111110000000
0000000000011111111111000000
0000000000111111111111000000
0000000000111111111111000000
0000000000111110011111000000
0000000001111110001110000000
0000000001111110001110000000
0000000001111111111110000000
0000000001111111111110000000
0000000000111111111100000000
0000000001111111111110000000
0000000111111000011110000000
0000001111110000001110000000
0000001111110000001110000000
0000001111110000011110000000
0000001101110000111100000000
0000001111100001111100000000
0000001111111111111000000000
0000000111111111110000000000
0000000011111110000000000000
0000000000000000000000000000
0000000000000000000000000000
0000000000000000000000000000
