0000000000000000000000000000
0000000000000000000000000000
0000000000000000000000000000
0000000000000000000000000000
0000000000000000111111000000
0000000000000011111111100000
0000000000000011111111100000
0000000000000111100111100000
0000000000001111000111000000
0000000000001110000111000000
0000000000001110001110000000
0000000000001110011110000000
0000000000001110111100000000
0000000000001111111000000000
0000000000001111110000000000
0000000000001111100000000000
0000000000011111000000000000
0000000000111111000000000000
0000000011111111000000000000
0000000111110011000000000000
0000000111100011000000000000
0000000111111111000000000000
0000000111111111000000000000
0000000111111110000000000000
0000000000000000000000000000
0000000000000000000000000000
0000000000000000000000000000
0000000000000000000000000000
