0000000000000000000000000000
0000000000000000000000000000
0000000000000000000000000000
0000000000000000000000000000
0000000000000000000000000000
0000000011111111110000000000
0000001111111111110000000000
0000001111111111111000000000
0000001111000001110000000000
0000001111000001110000000000
0000001111110011100000000000
0000000111111011111100000000
0000000011111111111100000000
0000000001111111111000000000
0000000000011111111000000000
0000000000011111111100000000
0000000001111111111110000000
0000000001111001111111000000
0000000001110000011111000000
0000000001110000001111000000
0000000001111000001111000000
0000000001111110111111000000
0000000000111111111111000000
0000000000011111111110000000
0000000000001111111100000000
0000000000000000000000000000
0000000000000000000000000000
0000000000000000000000000000
