0000000000000000000000000000
0000000000000000000000000000
0000000000000000000000000000
0000000000000000000000000000
0000000000000000000000000000
0000000000000111111111100000
0000000000011111111111110000
0000000000111111111111110000
0000000001111100000011100000
0000000001111000000111100000
0000000011110000011111000000
0000000111100000111110000000
0000000111000001111100000000
0000001110000011111000000000
0000001111000111100000000000
0000001111111111000000000000
0000000111111110000000000000
0000000001111111111000000000
0000000000111111111100000000
0000000001111001111110000000
0000000001110000001110000000
0000000001100000001111000000
0000000001111001111110000000
0000000001111111111100000000
0000000001111111111000000000
0000000000000000000000000000
0000000000000000000000000000
0000000000000000000000000000
