0000000000000000000000000000
0000000000000000000000000000
0000000000000000000000000000
0000000000000000000000000000
0000000000000000000000000000
0000000000000000000000000000
0000000000000000000000000000
0000000000011111100000000110
0000000011111111111000000110
0000000011111111111000000110
0000000011110000111000011110
0000000011100000111000111110
0000000011110000000011111100
0000000001110000011111111000
0000000001111111111111100000
0000000111111111111111000000
0000000111111111111000000000
0000000111111110000000000000
0000000110000110000000000000
0000000111000111000000000000
0000000111100111000000000000
0000000011100111000000000000
0000000011110110000000000000
0000000001111110000000000000
0000000001111100000000000000
0000000000000000000000000000
0000000000000000000000000000
0000000000000000000000000000
