0000000000000000000000000000
0000000000000000000000000000
0000000000000000000000000000
0000000000000000000000000000
0000000000000111111000000000
0000000000011111111110000000
0000000000011111111110000000
0000000000001100001111000000
0000000011000000011111000000
0000000011110000011110000000
0000000011111000111110000000
0000000011111111111100000000
0000000000111111111000000000
0000000000001111110000000000
0000000000011111110000000000
0000000000011111110000000000
0000000000111111110000000000
0000000001111111110000000000
0000000001111011110000000000
0000000011111111110000000000
0000000011111111110000000000
0000000011111111100000000000
0000000011111110000000000000
0000000011111000000000000000
0000000000000000000000000000
0000000000000000000000000000
0000000000000000000000000000
0000000000000000000000000000
