0000000000000000000000000000
0000000000000000000000000000
0000000000000000000000000000
0000000000000000000000000000
0000000000000000000000000000
0000000000000011111111000000
0000000000000011111111000000
0000000000000111111111000000
0000000000001111111111110000
0000000000001111100111110000
0000000000001111001111110000
0000000000011111011111110000
0000000000011111111111100000
0000000000011111111110000000
0000000000011111111100000000
0000000000011111111000000000
0000000000111111100000000000
0000000011111111000000000000
0000000011111111000000000000
0000000111111111000000000000
0000001111111111000000000000
0000001111111111000000000000
0000001111111110000000000000
0000001111111100000000000000
0000001111111000000000000000
0000000000000000000000000000
0000000000000000000000000000
0000000000000000000000000000
