0000000000000000000000000000
0000000000000000000000000000
0000000000000000000000000000
0000000000000000000000000000
0000000000000000000000000000
0000000000011111111000000000
0000000001111111111000000000
0000000111111111111000000000
0000001111111111111110000000
0000011111110000000111000000
0000011111100000011111000000
0000011111111111111110000000
0000000111111111111100000000
0000000011111111111000000000
0000000000001111111100000000
0000000000001111111110000000
0000000000011111111111000000
0000000000011100011111000000
0000000000111100011111000000
0000000000111100011111000000
0000000000111100011110000000
0000000000111101111110000000
0000000000011111111100000000
0000000000011111111100000000
0000000000001111110000000000
0000000000000000000000000000
0000000000000000000000000000
0000000000000000000000000000
