0000000000000000000000000000
0000000000000000000000000000
0000000000000000000000000000
0000000000000000000000000000
0000000000000000000000000000
0000000000000111111000000000
0000000000001111111110000000
0000000000011111111111100000
0000000000011111111111100000
0000000000011110001111100000
0000000000011100111111100000
0000000000011101111111100000
0000000000011111111111000000
0000000000011111111100000000
0000000000011111111000000000
0000000000111111100000000000
0000000001111111000000000000
0000000001111111000000000000
0000000011111111000000000000
0000000011110011100000000000
0000000011110011100000000000
0000000011111111100000000000
0000000011111111100000000000
0000000011111111000000000000
0000000001111110000000000000
0000000000000000000000000000
0000000000000000000000000000
0000000000000000000000000000
