0000000000000000000000000000
0000000000000000000000000000
0000000000000000000000000000
0000000000000000000000000000
0000000000000000000000000000
0000000000000000000000000000
0000000000001111100001110000
0000000000011111110011110000
0000000000111111110111110000
0000000001111101111111110000
0000000011111001111111000000
0000000011100001111110000000
0000000011100001111100000000
0000000011100011111100000000
0000000011111111110000000000
0000000011111111100000000000
0000000000111111110000000000
0000000000111111111000000000
0000000000111101111000000000
0000000000111000111000000000
0000000000111001111000000000
0000000000111101110000000000
0000000000011111110000000000
0000000000011111110000000000
0000000000011111100000000000
0000000000001111100000000000
0000000000000000000000000000
0000000000000000000000000000
