0000000000000000000000000000
0000000000000000000000000000
0000000000000000000000000000
0000000000000000000000000000
0000000000000011111110000000
0000000000000111111111000000
0000000000001111111111000000
0000000000011111111111000000
0000000000011110000111000000
0000000000011110000111000000
0000000000011110011111000000
0000000000011111111111000000
0000000000011111111110000000
0000000000111111111000000000
0000000011111111100000000000
0000000111111111100000000000
0000001111110111110000000000
0000001111000011110000000000
0000011110000011110000000000
0000011110000011110000000000
0000011111000011110000000000
0000001111111111110000000000
0000001111111111110000000000
0000000111111111000000000000
0000000000000000000000000000
0000000000000000000000000000
0000000000000000000000000000
0000000000000000000000000000
