0000000000000000000000000000
0000000000000000000000000000
0000000000000000000000000000
0000000000000000000000000000
0000000000000000000000000000
0000000001111111000000000000
0000000011111111000000111100
0000000111111111000011111100
0000001111111111001111111100
0000001111111111011111111100
0000001111100000111111110000
0000001111111011111111000000
0000001111111111111110000000
0000001111111111111110000000
0000001111111111111000000000
0000000011111111111000000000
0000000000111111111000000000
0000000000111111111000000000
0000000000111111111100000000
0000000001111111111100000000
0000000001111111111100000000
0000000001111111111100000000
0000000000111111111000000000
0000000000111111111000000000
0000000000011111100000000000
0000000000000000000000000000
0000000000000000000000000000
0000000000000000000000000000
