0000000000000000000000000000
0000000000000000000000000000
0000000000000000000000000000
0000000000000000000000000000
0000000000000000000000000000
0000000000111111111000000000
0000000001111111111100000000
0000000011111110001100000000
0000000111001100001100000000
0000000111000000001100000000
0000000110000000011100000000
0000000110000000011100000000
0000000111000000111000000000
0000000111000001110000000000
0000000111100001110000000000
0000000011110011100000000000
0000000001111111000000000000
0000000000111111000000000000
0000000000001111110000000000
0000000000001111111000000000
0000000000001100011100000000
0000000000001100001110000000
0000000000001110011100000000
0000000000001111111100000000
0000000000000111111000000000
0000000000000000000000000000
0000000000000000000000000000
0000000000000000000000000000
