0000000000000000000000000000
0000000000000000000000000000
0000000000000000000000000000
0000000000000000000000000000
0000000000000000000000000000
0000000000000011111111000000
0000000000001111111111000000
0000000000111111110111000000
0000000000111110000111000000
0000000001111000000111000000
0000000001110000001111000000
0000000001110000011110000000
0000000001111000111110000000
0000000000111111111100000000
0000000000111111110000000000
0000000000011111100000000000
0000000000011111000000000000
0000000000111111000000000000
0000000001111111000000000000
0000000011110111000000000000
0000000011100111000000000000
0000000111100111000000000000
0000000111001110000000000000
0000000111111110000000000000
0000000011111100000000000000
0000000000000000000000000000
0000000000000000000000000000
0000000000000000000000000000
