0000000000000000000000000000
0000000000000000000000000000
0000000000000000000000000000
0000000000000000000000000000
0000000000000000000000000000
0000000000000000000111000000
0000000000000000000111100000
0000000000000000011111100000
0000000110000000111111100000
0000000111000011111111000000
0000000111110111111000000000
0000000111111111111000000000
0000000001111111110000000000
0000000000111111000000000000
0000000001111111000000000000
0000000011111111100000000000
0000000011111111100000000000
0000000011110011110000000000
0000000011100000111000000000
0000000011110000111000000000
0000000011111000111000000000
0000000011111001111000000000
0000000000111011111000000000
0000000000011011111000000000
0000000000000011110000000000
0000000000000000000000000000
0000000000000000000000000000
0000000000000000000000000000
