0000000000000000000000000000
0000000000000000000000000000
0000000000000000000000000000
0000000000000000000000000000
0000000000000000000000000000
0000000000001111111110000000
0000000000111111111111000000
0000000011111111111111000000
0000000111111111111111000000
0000001111110000110111000000
0000001111100000111111000000
0000001111000000011111000000
0000001111100000111111000000
0000000111111111111110000000
0000000111111111111100000000
0000000111111111111100000000
0000000111111111111110000000
0000001111110011111110000000
0000001111100000011111000000
0000001111000000011111000000
0000001111100000111111000000
0000000111110011111110000000
0000000111111111111100000000
0000000011111111111000000000
0000000001111111110000000000
0000000000000000000000000000
0000000000000000000000000000
0000000000000000000000000000
