0000000000000000000000000000
0000000000000000000000000000
0000000000000000000000000000
0000000000000000000000000000
0000000000000000000000000000
0000000000011111110000000000
0000000000011111111100000000
0000000000111111111110000000
0000000000111111111111000000
0000000000111100011111000000
0000000000111110011111000000
0000000000011111111110000000
0000000000001111111100000000
0000000000001111111100000000
0000000000001111111000000000
0000000000001111110000000000
0000000000011111110000000000
0000000000111111100000000000
0000000000111111100000000000
0000000000111111110000000000
0000000000111111110000000000
0000000000111111110000000000
0000000000111111110000000000
0000000000011111100000000000
0000000000011111100000000000
0000000000000000000000000000
0000000000000000000000000000
0000000000000000000000000000
