0000000000000000000000000000
0000000000000000000000000000
0000000000000000000000000000
0000000000000000000000000000
0000000000000000000000000000
0000000000000000000000011100
0000000000000000000000011100
0000000000000000111100111100
0000000000000111111111111100
0000000000001111111111111000
0000000000001111111111100000
0000000000011111111111000000
0000000000011111111100000000
0000000000111111110000000000
0000000000111110000000000000
0000000011111100000000000000
0000000111111110000000000000
0000000111111110000000000000
0000001111001110000000000000
0000001111001110000000000000
0000001110011110000000000000
0000001110111110000000000000
0000001111111100000000000000
0000001111111000000000000000
0000000111110000000000000000
0000000000000000000000000000
0000000000000000000000000000
0000000000000000000000000000
