0000000000000000000000000000
0000000000000000000000000000
0000000000000000000000000000
0000000000000000000000000000
0000000000000000000000000000
0000000000000111111111000000
0000000000111111111111000000
0000000011111100000011000000
0000000011110000000111000000
0000000011000000001111000000
0000000000111000001110000000
0000000000111000011100000000
0000000000011100111000000000
0000000000011101110000000000
0000000000001111100000000000
0000000000001111000000000000
0000000000011111000000000000
0000000000111111000000000000
0000000001110011100000000000
0000000011100011100000000000
0000000011000001100000000000
0000000011000001100000000000
0000000011000011100000000000
0000000011111111100000000000
0000000011111111000000000000
0000000000000000000000000000
0000000000000000000000000000
0000000000000000000000000000
