0000000000000000000000000000
0000000000000000000000000000
0000000000000000000000000000
0000000000000000000000000000
0000000000000000000000000000
0000000001111111110000000000
0000000011111111111000000000
0000000011111111111100000000
0000000011111111111110000000
0000000011111111111110000000
0000000111110001111110000000
0000000111111101111110000000
0000000111111111111100000000
0000000011111111111000000000
0000000011111111111000000000
0000000000001111111000000000
0000000000000111111000000000
0000000000000111111100000000
0000000000001111111110000000
0000000000001111011110000000
0000000000001111111110000000
0000000000000111111110000000
0000000000000111111110000000
0000000000000011111110000000
0000000000000011111100000000
0000000000000000000000000000
0000000000000000000000000000
0000000000000000000000000000
