0000000000000000000000000000
0000000000000000000000000000
0000000000000000000000000000
0000000000000000000000000000
0000000000011111000000000000
0000000000111111001110000000
0000000011111000001111000000
0000000011100000000111000000
0000000111100000000111000000
0000000111000000001111000000
0000000111000001111110000000
0000000111111111111110000000
0000000011111111100111000000
0000000000111111100011100000
0000000001111000000011100000
0000000011110000000011100000
0000000111100000000111100000
0000000111100000000111000000
0000000111000000001111000000
0000000111000000011110000000
0000000111000000111100000000
0000000011100001111100000000
0000000011111111110000000000
0000000001111111100000000000
0000000000000000000000000000
0000000000000000000000000000
0000000000000000000000000000
0000000000000000000000000000
