0000000000000000000000000000
0000000000000000000000000000
0000000000000000000000000000
0000000000000000000000000000
0000000000000000000000000000
0000000000000011111110000000
0000000000000011111111000000
0000000000111111111111000000
0000000001111111000111000000
0000000001111110001111000000
0000000001111110001110000000
0000000000111111011110000000
0000000000001111111110000000
0000000000000111111100000000
0000000000000011111000000000
0000000000000011111000000000
0000000000000111111000000000
0000000000001111111000000000
0000000000011111111000000000
0000000000111111111000000000
0000000001111101111000000000
0000000011111011110000000000
0000000011111111100000000000
0000000011111111000000000000
0000000011111110000000000000
0000000000000000000000000000
0000000000000000000000000000
0000000000000000000000000000
