0000000000000000000000000000
0000000000000000000000000000
0000000000000000000000000000
0000000000000000000000000000
0000000000000000000000000000
0000000000111111111100000000
0000000001111111111110000000
0000000011111111111110000000
0000000011111101111110000000
0000000111110001111100000000
0000000111110011111100000000
0000000011111111111000000000
0000000011111111110000000000
0000000001111111100000000000
0000000001111111100000000000
0000000000011111110000000000
0000000000011111110000000000
0000000000111111111000000000
0000000000111101111000000000
0000000001111101111000000000
0000000001111001111000000000
0000000001111111111000000000
0000000001111111110000000000
0000000001111111100000000000
0000000000111111100000000000
0000000000000000000000000000
0000000000000000000000000000
0000000000000000000000000000
