0000000000000000000000000000
0000000000000000000000000000
0000000000000000000000000000
0000000000000000000000000000
0000000000011111110000000000
0000000000111111111000000000
0000000000111111111000000000
0000000000111001111000000000
0000000111011001111000000000
0000000111111101111000000000
0000000111111111111000000000
0000000000111111110000000000
0000000000001111110000000000
0000000000001111111000000000
0000000000011111111000000000
0000000000111110111110000000
0000000001111100011111000000
0000000011111000001111000000
0000000011111000000111100000
0000000011110000000111100000
0000000011110000001111100000
0000000001111111111111000000
0000000001111111111110000000
0000000000011111111100000000
0000000000000000000000000000
0000000000000000000000000000
0000000000000000000000000000
0000000000000000000000000000
