0000000000000000000000000000
0000000000000000000000000000
0000000000000000000000000000
0000000000000000000000000000
0000000000000111111100000000
0000000001101111111110000000
0000000111111111111111000000
0000011111111111111111000000
0000011111111111111111000000
0000011111111111111110000000
0000011111100111111110000000
0000011111111111111100000000
0000001111111111111000000000
0000000111111111111000000000
0000000011111111111100000000
0000000011111111111110000000
0000000111111111111111000000
0000000111111111111111100000
0000000111111101111111100000
0000000111111111111111100000
0000000111111111111111100000
0000000111111111111110000000
0000000111111111111110000000
0000000001111111111000000000
0000000000000000000000000000
0000000000000000000000000000
0000000000000000000000000000
0000000000000000000000000000
