0000000000000000000000000000
0000000000000000000000000000
0000000000000000000000000000
0000000000000000000000000000
0000000000000000000000000000
0000000000001111111000000000
0000000000111111111100000000
0000000001111111111111000000
0000000011111110111111100000
0000000011111100000111100000
0000000011110000000011100000
0000000011111110001111100000
0000000011111111111111000000
0000000011111111111110000000
0000000011111111111100000000
0000000111111111111100000000
0000001111111111111110000000
0000001111110000001111000000
0000001111100000001111100000
0000001111000000000111100000
0000001111000000001111110000
0000001111100001111111100000
0000001111111111111110000000
0000000111111111111100000000
0000000011111111100000000000
0000000000000000000000000000
0000000000000000000000000000
0000000000000000000000000000
