0000000000000000000000000000
0000000000000000000000000000
0000000000000000000000000000
0000000000000000000000000000
0000000000001111111000000000
0000000000001111111000000000
0000000000001110001000000000
0000000000001100000000000000
0000000000001100000111110000
0000000000001110011111100000
0000000000001111111110000000
0000000000001111111000000000
0000000000011111100000000000
0000000000111111000000000000
0000000001111111000000000000
0000000011110111000000000000
0000000011100011100000000000
0000000011100011100000000000
0000000011100011100000000000
0000000011100011100000000000
0000000001110011100000000000
0000000001111111100000000000
0000000000111111100000000000
0000000000011111100000000000
0000000000000000000000000000
0000000000000000000000000000
0000000000000000000000000000
0000000000000000000000000000
