0000000000000000000000000000
0000000000000000000000000000
0000000000000000000000000000
0000000000000000000000000000
0000000000000000000000000000
0000000000001111111110000000
0000000000111111111111000000
0000000011111111111111100000
0000000111111111100011100000
0000001111111111100011100000
0000001111100001100011100000
0000001111100001100111100000
0000001111110001101111100000
0000000111111111111111100000
0000000001111111111110000000
0000000000011111111100000000
0000000000011111111110000000
0000000000111111111110000000
0000000001111100011111000000
0000000011111000001111000000
0000000011110000001111000000
0000000011110000011111000000
0000000011111111111110000000
0000000001111111111110000000
0000000000111111111000000000
0000000000000000000000000000
0000000000000000000000000000
0000000000000000000000000000
