0000000000000000000000000000
0000000000000000000000000000
0000000000000000000000000000
0000000000000000000000000000
0000000000000000000000000000
0000000000001111111100000000
0000000000111111111100000000
0000001111111111111110000000
0000001111111111111110000000
0000001111111000001111000000
0000000111110000011111000000
0000000111111000111110000000
0000000011111111111110000000
0000000001111111111100000000
0000000000011111111100000000
0000000000001111111000000000
0000000000001111111100000000
0000000000001111111100000000
0000000000011111011110000000
0000000000111111001110000000
0000000000111110001111000000
0000000001111100111111000000
0000000001111111111111000000
0000000001111111111110000000
0000000000111111111100000000
0000000000000000000000000000
0000000000000000000000000000
0000000000000000000000000000
