0000000000000000000000000000
0000000000000000000000000000
0000000000000000000000000000
0000000000000000000000000000
0000000000000000000000000000
0000000000001111110000000000
0000000000011111111000000000
0000000000111111111000000000
0000000000111101111000000000
0000000000111101111000000000
0000000000011111111000000000
0000000000011111111000000000
0000000000011111110000000000
0000000000001111110000000000
0000000000001111100000000000
0000000000011111110000000000
0000000000011111110000000000
0000000000111111110000000000
0000000000111001110000000000
0000000000111001110000000000
0000000001111011110000000000
0000000001111011110000000000
0000000001111111110000000000
0000000001111111100000000000
0000000000111111000000000000
0000000000000000000000000000
0000000000000000000000000000
0000000000000000000000000000
