0000000000000000000000000000
0000000000000000000000000000
0000000000000000000000000000
0000000000000000000000000000
0000000000000011111000000000
0000000000001111111110000000
0000000000011111111111000000
0000000001111111111111100000
0000000001111111001111100000
0000000001111110001111100000
0000000001111100001111100000
0000000001111111111111100000
0000000001111111111111100000
0000000001111111111111100000
0000000011111111111111100000
0000000111111111111111100000
0000001111111111000111100000
0000001111111110001111100000
0000011111100000011111100000
0000011111000111111111100000
0000111111111111111111000000
0000111111111111111100000000
0000111111111111111000000000
0000011111111111000000000000
0000000000000000000000000000
0000000000000000000000000000
0000000000000000000000000000
0000000000000000000000000000
