0000000000000000000000000000
0000000000000000000000000000
0000000000000000000000000000
0000000000000000000000000000
0000000000000000001110000000
0000000000011111111111000000
0000000001111111111111000000
0000000111111111111111000000
0000000111111111111111000000
0000000011111000111110000000
0000000001111100111110000000
0000000000111101111100000000
0000000000011111111000000000
0000000000001111110000000000
0000000000001111100000000000
0000000001111111110000000000
0000000001111111111000000000
0000000011111101111000000000
0000000011111001111000000000
0000000111110011111000000000
0000001111111111111000000000
0000001111111111110000000000
0000001111111111100000000000
0000000011111110000000000000
0000000000000000000000000000
0000000000000000000000000000
0000000000000000000000000000
0000000000000000000000000000
