0000000000000000000000000000
0000000000000000000000000000
0000000000000000000000000000
0000000000000000000000000000
0000000000000000011100000000
0000000000001111111111000000
0000000000111111111111100000
0000000001111111111111100000
0000000001111100001111100000
0000000011110000000111100000
0000000011110000001111100000
0000000011111000011111100000
0000000011111111111111000000
0000000001111111111100000000
0000000000011111111100000000
0000000000011111111110000000
0000000000111111111111000000
0000000011111111001111000000
0000000011111100011111000000
0000000111110000011110000000
0000000111110001111110000000
0000000111111111111100000000
0000000111111111110000000000
0000000111111111100000000000
0000000000000000000000000000
0000000000000000000000000000
0000000000000000000000000000
0000000000000000000000000000
