0000000000000000000000000000
0000000000000000000000000000
0000000000000000000000000000
0000000000000000000000000000
0000000000000000000000000000
0000000000000000000000000000
0000000000000011111111101100
0000000000111111111111111100
0000000111111111000001111100
0000001111111000000000111100
0000001111100000000001111100
0000001110000000000111111000
0000001111100000001111100000
0000001111110000111111000000
0000000111111111111110000000
0000000001111111111100000000
0000000000011111110000000000
0000000000011111110000000000
0000000001111111110000000000
0000000111111001110000000000
0000001111100001111000000000
0000001111000011110000000000
0000001110000011100000000000
0000001100111111100000000000
0000001111111110000000000000
0000001111111000000000000000
0000000000000000000000000000
0000000000000000000000000000
