0000000000000000000000000000
0000000000000000000000000000
0000000000000000000000000000
0000000000000000000000000000
0000000000000000000000000000
0000000000000001111111000000
0000000000000111111111000000
0000000000011111111111000000
0000000000011110001111000000
0000000000111100001110000000
0000000000111000011110000000
0000000000111000111100000000
0000000000111001111000000000
0000000000111111110000000000
0000000000011111110000000000
0000000000011111000000000000
0000000000011110000000000000
0000000000111111000000000000
0000000001111111100000000000
0000000011110111100000000000
0000000011110111100000000000
0000000011100111100000000000
0000000011101111100000000000
0000000011111110000000000000
0000000001111110000000000000
0000000000000000000000000000
0000000000000000000000000000
0000000000000000000000000000
