0000000000000000000000000000
0000000000000000000000000000
0000000000000000000000000000
0000000000000000000000000000
0000000000000000000000000000
0000000000000111111111000000
0000000000001111111111100000
0000000000011111011111100000
0000000000111110000011110000
0000000000111100000011111000
0000000001111000000011111000
0000000001110000000111110000
0000000001111000011111100000
0000000000111000111110000000
0000000000111101111000000000
0000000000111111110000000000
0000000000011111100000000000
0000000000011111000000000000
0000000000111111000000000000
0000000011111111000000000000
0000000111110111000000000000
0000000111101111000000000000
0000000111111110000000000000
0000000111111110000000000000
0000000111111100000000000000
0000000000000000000000000000
0000000000000000000000000000
0000000000000000000000000000
