0000000000000000000000000000
0000000000000000000000000000
0000000000000000000000000000
0000000000000000000000000000
0000000000000000000000000000
0000000000001111110000000000
0000000000011111110000000000
0000000000111110111000000000
0000000001111000111100000000
0000000001110000111110000000
0000000001110011111110000000
0000000001110011111110000000
0000000001110011111100000000
0000000001111011111000000000
0000000000111111110000000000
0000000000111111000000000000
0000000000011110000000000000
0000000000111111000000000000
0000000000111111000000000000
0000000000111111100000000000
0000000000111111110000000000
0000000000111101111000000000
0000000000011111111000000000
0000000000001111111100000000
0000000000001111111000000000
0000000000000000000000000000
0000000000000000000000000000
0000000000000000000000000000
