0000000000000000000000000000
0000000000000000000000000000
0000000000000000000000000000
0000000000000000000000000000
0000000000000000000000000000
0000000000000000001111111000
0000000000000001111111111000
0000000000000011111111111000
0000000000000111111111111000
0000000000000111101101111000
0000000000000111100111111000
0000000000000111011111111000
0000000000001111111111110000
0000000000001111111111100000
0000000000111111111111000000
0000000111111111111000000000
0000001111111111100000000000
0000011111111111000000000000
0000011111111111000000000000
0000011111011110000000000000
0000011111111110000000000000
0000011111111110000000000000
0000011111111110000000000000
0000011111111100000000000000
0000001111100000000000000000
0000000000000000000000000000
0000000000000000000000000000
0000000000000000000000000000
