0000000000000000000000000000
0000000000000000000000000000
0000000000000000000000000000
0000000000000000000000000000
0000000000000000000000000000
0000000000000000011111111000
0000000000001111111111111000
0000000001111111111111111000
0000000011111111111111111000
0000000011111111111110111000
0000000011111101111100000000
0000000011111111111100000000
0000000001111111110000000000
0000000001111111100000000000
0000000000111111100000000000
0000000001111111000000000000
0000000011111111100000000000
0000000111111111100000000000
0000001111110011110000000000
0000011111100001110000000000
0000011111000001110000000000
0000011111111111110000000000
0000011111111111110000000000
0000011111111111100000000000
0000001111111110000000000000
0000000000000000000000000000
0000000000000000000000000000
0000000000000000000000000000
