0000000000000000000000000000
0000000000000000000000000000
0000000000000000000000000000
0000000000000000000000000000
0000000000000000000000000000
0000000000000011111100000000
0000000000011111111110000000
0000000000111111111111000000
0000000001111111111111100000
0000000111111111011111100000
0000000111111000111111100000
0000001111100001111111100000
0000001111110011111100000000
0000001111111111111000000000
0000000111111111110000000000
0000000011111111111000000000
0000000000011111111000000000
0000000000011111111000000000
0000000000111111111000000000
0000000001111111111000000000
0000000001111111111000000000
0000000001111111110000000000
0000000001111111110000000000
0000000001111111110000000000
0000000000111111100000000000
0000000000000000000000000000
0000000000000000000000000000
0000000000000000000000000000
