0000000000000000000000000000
0000000000000000000000000000
0000000000000000000000000000
0000000000000000000000000000
0000000000000111111000000000
0000000000011111111100000000
0000000000111111111100000000
0000000000111111111100000000
0000000001111111111110000000
0000000001111111001111000000
0000000011111000001111000000
0000000011111111111111000000
0000000011111111111111000000
0000000011111111111110000000
0000000011111111111100000000
0000000011111111111110000000
0000000011111111011111000000
0000000011110000001111000000
0000000011110000011111000000
0000000011110000111110000000
0000000001111111111110000000
0000000000111111111100000000
0000000000111111111100000000
0000000000011111100000000000
0000000000000000000000000000
0000000000000000000000000000
0000000000000000000000000000
0000000000000000000000000000
