0000000000000000000000000000
0000000000000000000000000000
0000000000000000000000000000
0000000000000000000000000000
0000000000000000000000000000
0000000000000011111111000000
0000000000000111111111000000
0000000000001111111111100000
0000000000001111000111100000
0000000000011100001111100000
0000000000011100011111100000
0000000000011100111111000000
0000000000011111111111000000
0000000000011111111100000000
0000000000011111111100000000
0000000000111111110000000000
0000000011111111100000000000
0000000111111111000000000000
0000000111111100000000000000
0000001111110000000000000000
0000011111011000000000000000
0000011110011000000000000000
0000011110110000000000000000
0000001111110000000000000000
0000001111000000000000000000
0000000000000000000000000000
0000000000000000000000000000
0000000000000000000000000000
