0000000000000000000000000000
0000000000000000000000000000
0000000000000000000000000000
0000000000000000000000000000
0000000000000000000000000000
0000000000011111110000000000
0000000000111111111000000000
0000000001111111111000000000
0000000011111111111000000000
0000000011111000111000000000
0000000011100000111000000000
0000000011100001111100000000
0000000011100001111100000000
0000000011111111111110000000
0000000011111111111110000000
0000000000111111110111000000
0000000000111111110111000000
0000000000111100110111000000
0000000001111000000111000000
0000000001111000000111000000
0000000001111000000111000000
0000000000111100001111000000
0000000000111111111111000000
0000000000011111111110000000
0000000000000111111100000000
0000000000000000000000000000
0000000000000000000000000000
0000000000000000000000000000
