0000000000000000000000000000
0000000000000000000000000000
0000000000000000000000000000
0000000000000000000000000000
0000000001111110000000000000
0000000011111111110000000000
0000000111111111111000000000
0000000111110111111100000000
0000000011110000111100000000
0000000011110000111100000000
0000000011111001111111000000
0000000001111111111111000000
0000000000011111111111000000
0000000000001111111000000000
0000000000011111110000000000
0000000000011111111000000000
0000000000111111111100000000
0000000000111100111110000000
0000000001111100111111000000
0000000001111000001111000000
0000000001111000111111000000
0000000001111111111111000000
0000000000111111111100000000
0000000000111111111000000000
0000000000000000000000000000
0000000000000000000000000000
0000000000000000000000000000
0000000000000000000000000000
