0000000000000000000000000000
0000000000000000000000000000
0000000000000000000000000000
0000000000000000000000000000
0000000000000000000000000000
0000000000111111111000000000
0000000001111111111111000000
0000000111111111111111100000
0000000111101100000111100000
0000001111001000000011110000
0000001111000000000011110000
0000001111000000000111100000
0000001111100000011111100000
0000000111111100111110000000
0000000011111101111100000000
0000000000111111110000000000
0000000000001111110000000000
0000000000111111111100000000
0000000000111100111100000000
0000000011111000011110000000
0000000111100000011110000000
0000000111000000011110000000
0000000111100011111110000000
0000000111111111111100000000
0000000111111111110000000000
0000000000000000000000000000
0000000000000000000000000000
0000000000000000000000000000
