0000000000000000000000000000
0000000000000000000000000000
0000000000000000000000000000
0000000000000000000000000000
0000000000000011111000000000
0000000000001111111101000000
0000000000001111111111000000
0000000000011110011011000000
0000000000011110011111000000
0000000000011110011111000000
0000000000001111111110000000
0000000000001111111100000000
0000000000000111110000000000
0000000000011111100000000000
0000000001111111110000000000
0000000011111011110000000000
0000000011100001110000000000
0000000011100001111000000000
0000000011100001111000000000
0000000011100001111000000000
0000000011110001111000000000
0000000001111111111000000000
0000000001111111110000000000
0000000000111111110000000000
0000000000000000000000000000
0000000000000000000000000000
0000000000000000000000000000
0000000000000000000000000000
