0000000000000000000000000000
0000000000000000000000000000
0000000000000000000000000000
0000000000000000000000000000
0000000000000000000000000000
0000000000000000000000000000
0000000000000000000000000000
0000000000000001111111100000
0000000011111111111111111000
0000011111111111111111111000
0000011111111111111000000000
0000011111111111100000000000
0000011111111111000000000000
0000001111111111110000000000
0000000001111111111100000000
0000000000111001111110000000
0000000001111000111111000000
0000000001110000001111100000
0000000001110000000111100000
0000000001111000000011100000
0000000001111000000111100000
0000000000111100111111100000
0000000000111111111111000000
0000000000011111111110000000
0000000000000111111000000000
0000000000000000000000000000
0000000000000000000000000000
0000000000000000000000000000
