0000000000000000000000000000
0000000000000000000000000000
0000000000000000000000000000
0000000000000000000000000000
0000000000000000000000000000
0000000000000000000000000000
0000000000000000111111110000
0000000000001111111111111000
0000000001111111111000011000
0000001111111111000000111000
0000011111110000000001111000
0000011111111110000011110000
0000000111111111001111100000
0000000000000111101111000000
0000000000000011111100000000
0000000000000001111000000000
0000000000000111110000000000
0000000000011111111000000000
0000000000111110111000000000
0000000011111100111000000000
0000000011110000111000000000
0000000111000001110000000000
0000000111000111110000000000
0000000110011111100000000000
0000000111111110000000000000
0000000011111000000000000000
0000000000000000000000000000
0000000000000000000000000000
