0000000000000000000000000000
0000000000000000000000000000
0000000000000000000000000000
0000000000000000000000000000
0000000000011111100000000000
0000000000111111110000000000
0000000000111111110000000000
0000000000111001111000000000
0000000001110000111000000000
0000000001110000111000000000
0000000001111001111000000000
0000000001111111110000000000
0000000000111111110000000000
0000000000011111110000000000
0000000000001111100000000000
0000000000011111111000000000
0000000000111111111100000000
0000000000011110111110000000
0000000000111100011110000000
0000000000111100001110000000
0000000000111111111110000000
0000000000111111111110000000
0000000000011111111100000000
0000000000011111110000000000
0000000000000000000000000000
0000000000000000000000000000
0000000000000000000000000000
0000000000000000000000000000
