0000000000000000000000000000
0000000000000000000000000000
0000000000000000000000000000
0000000000000000000000000000
0000000000000000000000000000
0000000111111111111000000000
0000001111111111111100000000
0000001111100001111100000000
0000001111000000011111110000
0000001111100000000111110000
0000000111111000000111100000
0000000011111100001111000000
0000000000111110011110000000
0000000000011111111100000000
0000000000000111111000000000
0000000000000111111000000000
0000000000001111111100000000
0000000000011110011110000000
0000000000111110001110000000
0000000000111100001110000000
0000000001111000011110000000
0000000001110001111100000000
0000000001110111111000000000
0000000001111111111000000000
0000000001111111100000000000
0000000000000000000000000000
0000000000000000000000000000
0000000000000000000000000000
