0000000000000000000000000000
0000000000000000000000000000
0000000000000000000000000000
0000000000000000000000000000
0000000000000000000000000000
0000000001111111100000000000
0000000001111111110000000000
0000000001111111111000000000
0000000001110000111000000000
0000000001110000111100000000
0000000001111000111100000000
0000000001111000011101111111
0000000000111000111111111111
0000000000111101111111111110
0000000000111111111111000000
0000000000011111111000000000
0000000000111111100000000000
0000000001111111100000000000
0000000001111111100000000000
0000000011110111100000000000
0000000011100011110000000000
0000000011100011110000000000
0000000011111111110000000000
0000000011111111100000000000
0000000001111111000000000000
0000000000000000000000000000
0000000000000000000000000000
0000000000000000000000000000
