0000000000000000000000000000
0000000000000000000000000000
0000000000000000000000000000
0000000000000000000000000000
0000000000000001111100000000
0000000000000011111110000000
0000000000000011111100110000
0000000000000011111100110000
0000000000000011111111110000
0000000000000111101111110000
0000000000000111111111100000
0000000000000111111111000000
0000000000000011111110000000
0000000000000111111100000000
0000000000111111100000000000
0000000000111111100000000000
0000000011111111100000000000
0000000111111011100000000000
0000000111110011100000000000
0000001111100111000000000000
0000001111011111000000000000
0000001111111110000000000000
0000001111111110000000000000
0000001111111000000000000000
0000000000000000000000000000
0000000000000000000000000000
0000000000000000000000000000
0000000000000000000000000000
