0000000000000000000000000000
0000000000000000000000000000
0000000000000000000000000000
0000000000000000000000000000
0000000000000000000000000000
0000000000001111111100000000
0000000001111111111111000000
0000000001111111111111100000
0000000011111111111111100000
0000000011110000001111100000
0000000111110000111111000000
0000000111111001111110000000
0000000111111111111000000000
0000000011111111100000000000
0000000001111111000000000000
0000000000111111100000000000
0000000000011111110000000000
0000000000011111111000000000
0000000000011111111000000000
0000000000011111111000000000
0000000000111111111100000000
0000000000011111111100000000
0000000000011111111100000000
0000000000011111111000000000
0000000000001111100000000000
0000000000000000000000000000
0000000000000000000000000000
0000000000000000000000000000
