0000000000000000000000000000
0000000000000000000000000000
0000000000000000000000000000
0000000000000000000000000000
0000000000000000000000000000
0000000000000011111111110000
0000000000001111111111110000
0000000000111111111111110000
0000000001111111111111110000
0000000011111111100000000000
0000000111111110000000000000
0000000111111011100000000000
0000000011111111100000000000
0000000011111111100000000000
0000000001111111100000000000
0000000000111111100000000000
0000000000011111000000000000
0000000000111111100000000000
0000000001111111100000000000
0000000001111111100000000000
0000000001111111100000000000
0000000001111111100000000000
0000000001111111100000000000
0000000001111111100000000000
0000000001111111000000000000
0000000000000000000000000000
0000000000000000000000000000
0000000000000000000000000000
