0000000000000000000000000000
0000000000000000000000000000
0000000000000000000000000000
0000000000000000000000000000
0000000000000000000000000000
0000001111111111000000000000
0000001111111111111111110000
0000001111111111111111111100
0000001111000011111111111100
0000001111100000001111111100
0000001111110000001111111000
0000000111110000011111110000
0000000111111100111111100000
0000000001111111111111000000
0000000001111111111110000000
0000000000011111111100000000
0000000000011111111000000000
0000000000111111111000000000
0000000001111111111100000000
0000000011111110111100000000
0000000111110000111100000000
0000000111111100111100000000
0000000111111111111100000000
0000000011111111111100000000
0000000001111111111000000000
0000000000000000000000000000
0000000000000000000000000000
0000000000000000000000000000
