0000000000000000000000000000
0000000000000000000000000000
0000000000000000000000000000
0000000000000000000000000000
0000000000000000000000000000
0000000000000111111100000000
0000000000001111111110000000
0000000001111111111110000000
0000000001111111111110000000
0000000001111101111100000000
0000000001111001111100000000
0000000001111111111000000000
0000000000011111110000000000
0000000000011111100000000000
0000000000011111100000000000
0000000000111111100000000000
0000000001111111110000000000
0000000001111001111000000000
0000000011111001111000000000
0000000011110000111000000000
0000000111110000111000000000
0000000011110000111000000000
0000000011111111111000000000
0000000001111111111000000000
0000000001111111110000000000
0000000000000000000000000000
0000000000000000000000000000
0000000000000000000000000000
