0000000000000000000000000000
0000000000000000000000000000
0000000000000000000000000000
0000000000000000000000000000
0000000000000000000000000000
0000000000001111100000000000
0000000000011111110000000000
0000000000111001110000000000
0000000001110000111000000000
0000000001100000110000000000
0000000011100001110000000000
0000000011000011110000000000
0000000011000111111100000000
0000000011111111111100000000
0000000001111111001100000000
0000000000000111001100000000
0000000000001110001100000000
0000000000001110011100000000
0000000000001100011100000000
0000000000001110011100000000
0000000000001110011000000000
0000000000001110111000000000
0000000000000110111000000000
0000000000000111110000000000
0000000000000011110000000000
0000000000000000000000000000
0000000000000000000000000000
0000000000000000000000000000
