0000000000000000000000000000
0000000000000000000000000000
0000000000000000000000000000
0000000000000000000000000000
0000000000000000000000000000
0000000000000000000000000000
0000000011111111111111111000
0000001111111111111111111000
0000011111111111111111111000
0000011111111100001111111000
0000011111111100011111111000
0000000111111110111110110000
0000000001111111111110110000
0000000000011111111000110000
0000000000000111110000000000
0000000000000111111000000000
0000000000011111111000000000
0000000000111111111000000000
0000000001111101111000000000
0000000111111001111000000000
0000000111111011111000000000
0000001111100111110000000000
0000001111011111110000000000
0000011111111111100000000000
0000011111111111000000000000
0000001111111100000000000000
0000000000000000000000000000
0000000000000000000000000000
