0000000000000000000000000000
0000000000000000000000000000
0000000000000000000000000000
0000000000000000000000000000
0000000000000000000000000000
0000000000000011111110000000
0000000000000111111111000000
0000000000001111111111100000
0000000000001111000111100000
0000000000001110000111100000
0000000000001110001111100000
0000000000001110011111000000
0000000000001111111110000000
0000000000001111111100000000
0000000000001111111000000000
0000000000011111100000000000
0000000001111111000000000000
0000000011111110000000000000
0000000111111110000000000000
0000000111100110000000000000
0000001111001110000000000000
0000001110011110000000000000
0000011111111100000000000000
0000001111111000000000000000
0000001111110000000000000000
0000000000000000000000000000
0000000000000000000000000000
0000000000000000000000000000
