0000000000000000000000000000
0000000000000000000000000000
0000000000000000000000000000
0000000000000000000000000000
0000000000000000000000000000
0000000000000001111100000000
0000000000000001111111100000
0000000000001111111111110000
0000000000011111111111110000
0000000000011111100011110000
0000000000011100000111100000
0000000000011100001111100000
0000000000011100111111000000
0000000000011111111100000000
0000000000011111110000000000
0000000000011111100000000000
0000000000011110000000000000
0000000001111111000000000000
0000000011111111000000000000
0000000111110111000000000000
0000001111000111000000000000
0000001111001110000000000000
0000001111111110000000000000
0000001111111110000000000000
0000001111111000000000000000
0000000000000000000000000000
0000000000000000000000000000
0000000000000000000000000000
