0000000000000000000000000000
0000000000000000000000000000
0000000000000000000000000000
0000000000000000000000000000
0000000000000111110000000000
0000000000011111111000000000
0000000000111111111100000000
0000000001111110001110000000
0000000001111000001110000000
0000000001110011111110000000
0000000001111111111100000000
0000000001111111111100000000
0000000001111111111110000000
0000000001111111111111000000
0000000011111111100111000000
0000000011111111000011100000
0000000011100000000011100000
0000000111100000000111100000
0000000111100000001111100000
0000000011110000111111000000
0000000011111111111110000000
0000000011111111111100000000
0000000001111111111000000000
0000000001111111100000000000
0000000000000000000000000000
0000000000000000000000000000
0000000000000000000000000000
0000000000000000000000000000
