0000000000000000000000000000
0000000000000000000000000000
0000000000000000000000000000
0000000000001111100000000000
0000000000111111110000000000
0000000000111111110000000000
0000000001111111100000000000
0000000001111000000000000000
0000000001111000000000000000
0000000001111000000000000000
0000000001111100000111100000
0000000000111100111111000000
0000000000111111111110000000
0000000000011111110000000000
0000000000011111110000000000
0000000000111111111000000000
0000000000111011111100000000
0000000001110000111100000000
0000000001110000111110000000
0000000001111100111110000000
0000000001111111111110000000
0000000001111111111100000000
0000000000011111111000000000
0000000000000000000000000000
0000000000000000000000000000
0000000000000000000000000000
0000000000000000000000000000
0000000000000000000000000000
