0000000000000000000000000000
0000000000000000000000000000
0000000000000000000000000000
0000000000000000000000000000
0000000000000000000000000000
0000000000000000000111110000
0000000000000000111111110000
0000000000000111111111111100
0000000000111111111111111100
0000000011111111100011111100
0000000111111100000011111000
0000000111111000001111110000
0000000111111100011111000000
0000000000111111111110000000
0000000000111111111000000000
0000000000001111110000000000
0000000000011111110000000000
0000000000111111110000000000
0000000011111111110000000000
0000000111111011110000000000
0000000111110111100000000000
0000001111111111000000000000
0000001111111110000000000000
0000001111111100000000000000
0000000111111000000000000000
0000000000000000000000000000
0000000000000000000000000000
0000000000000000000000000000
