0000000000000000000000000000
0000000000000000000000000000
0000000000000000000000000000
0000000000000000000000000000
0000000000000000000000000000
0000000000000001111111100000
0000000000011111111111100000
0000000000111111111111100000
0000000000111111111111100000
0000000000111111000000000000
0000000000111000000011100000
0000000000111000011111100000
0000000000111000111111100000
0000000000111111111111100000
0000000000111111111111000000
0000000000111111111100000000
0000000001111111100000000000
0000000011111111000000000000
0000000111111111000000000000
0000001111111111000000000000
0000001111001111000000000000
0000001111111111000000000000
0000001111111110000000000000
0000001111111110000000000000
0000000111111100000000000000
0000000000000000000000000000
0000000000000000000000000000
0000000000000000000000000000
