0000000000000000000000000000
0000000000000000000000000000
0000000000000000000000000000
0000000000000000000000000000
0000000000000000000000000000
0000000000001111111111000000
0000000000011111111111100000
0000000000011111111111100000
0000000000011111100111110000
0000000000011110011111110000
0000000000011110111111110000
0000000000011111111111000000
0000000000011111111100000000
0000000000111111110000000000
0000000001111111100000000000
0000000011111111100000000000
0000000111111111110000000000
0000011111110011110000000000
0000011111100011110000000000
0000011111000001110000000000
0000011110000011110000000000
0000011110000111110000000000
0000011111111111100000000000
0000001111111111000000000000
0000001111111110000000000000
0000000000000000000000000000
0000000000000000000000000000
0000000000000000000000000000
