0000000000000000000000000000
0000000000000000000000000000
0000000000000000000000000000
0000000000000000000000000000
0000000000000000000000000000
0000000000000000111000000000
0000000000000001111100000000
0000000000000011111100000000
0000000000000111101100000000
0000000000001111001100000000
0000000000011110001100000000
0000000000011100011100000000
0000000000011100011100000000
0000000000011001111000000000
0000000000011011111000000000
0000000000011111100000000000
0000000000011111000000000000
0000000000011110000000000000
0000000000011110000000000000
0000000000011111000000000000
0000000000111111000000000000
0000000000111111000000000000
0000000000110111000000000000
0000000000111111000000000000
0000000000111111000000000000
0000000000000000000000000000
0000000000000000000000000000
0000000000000000000000000000
