0000000000000000000000000000
0000000000000000000000000000
0000000000000000000000000000
0000000000000000000000000000
0000000000000000000000000000
0000000001111111110000000000
0000000001111111111100000000
0000000011111111111100000000
0000000011111111111100000000
0000000011111111100000000000
0000000111111111100000000000
0000000111111111111000000000
0000000011111111111111000000
0000000001111111111111100000
0000000011111011111111100000
0000000011110000011111100000
0000000011110000011111000000
0000000011110000111111000000
0000000011110000111111000000
0000000011110001111110000000
0000000011111011111100000000
0000000011111111111000000000
0000000001111111110000000000
0000000001111111100000000000
0000000001111110000000000000
0000000000000000000000000000
0000000000000000000000000000
0000000000000000000000000000
