0000000000000000000000000000
0000000000000000000000000000
0000000000000000000000000000
0000000000000000000000000000
0000000000000000000000000000
0000000000000000000000000000
0000000000000011111111100000
0000000000011111111111100000
0000000000111111111111100000
0000000001111100111111000000
0000000001111001111100000000
0000000001110011111000000000
0000000001111111100000000000
0000000001111111100000000000
0000000000011111100000000000
0000000000001111110000000000
0000000000011111110000000000
0000000000011101110000000000
0000000000011100110000000000
0000000000111000110000000000
0000000000111001110000000000
0000000000111001110000000000
0000000000111111110000000000
0000000000111111100000000000
0000000000111111000000000000
0000000000111110000000000000
0000000000000000000000000000
0000000000000000000000000000
