0000000000000000000000000000
0000000000000000000000000000
0000000000000000000000000000
0000000000000000000000000000
0000000000000000000000000000
0000000000000111110000000000
0000000000001111111000000000
0000000000011111111000000000
0000000000011110111000000000
0000000000111000111000000000
0000000000111000111000000000
0000000000111000111000000000
0000000000111001111100000000
0000000000111001111100000000
0000000000011111111100000000
0000000000011111111100000000
0000000000011111110000000000
0000000000011111100000000000
0000000000011111000000000000
0000000000011111000000000000
0000000000111111000000000000
0000000000111111000000000000
0000000000111111000000000000
0000000000011111000000000000
0000000000001111000000000000
0000000000000000000000000000
0000000000000000000000000000
0000000000000000000000000000
