0000000000000000000000000000
0000000000000000000000000000
0000000000000000000000000000
0000000000000000000000000000
0000000000001111111000000000
0000000000111111111100000000
0000000001111111111110000000
0000000111111111111110000000
0000000111111100001110000000
0000001111100000001111000000
0000001111000000001111000000
0000001111110000011111000000
0000001111111111111110000000
0000000111111111111100000000
0000000011111111111111000000
0000000011111111111111100000
0000000111111000001111110000
0000000111110000001111110000
0000000011100000000001110000
0000000011100000000011110000
0000000111110000011111110000
0000000111111111111111000000
0000000011111111111110000000
0000000001111111111100000000
0000000000000000000000000000
0000000000000000000000000000
0000000000000000000000000000
0000000000000000000000000000
