0000000000000000000000000000
0000000000000000000000000000
0000000000000000000000000000
0000000000000000000000000000
0000000000000000000000000000
0000000000111000001111100000
0000000111111111001111110000
0000001111111111111111110000
0000001111111111111111100000
0000001111000011111111100000
0000001110000000111111000000
0000001111000000011111000000
0000001111100000111110000000
0000001111110001111100000000
0000000111111111111100000000
0000000011111111111000000000
0000000000111111100000000000
0000000000011111100000000000
0000000000111111110000000000
0000000000111111111000000000
0000000001111101111000000000
0000000001111001111000000000
0000000011111111111000000000
0000000011111111111000000000
0000000011111111100000000000
0000000000000000000000000000
0000000000000000000000000000
0000000000000000000000000000
