0000000000000000000000000000
0000000000000000000000000000
0000000000000000000000000000
0000000000000000000000000000
0000000000000000000000000000
0000000000000001111110000000
0000000000000111111110000000
0000000000001111111110000000
0000000000011111101110000000
0000000000011110011110000000
0000000000111100011100000000
0000000000111100111100000000
0000000000011101111000000000
0000000000011111110000000000
0000000000011111100000000000
0000000000001111100000000000
0000000000001111100000000000
0000000000011111100000000000
0000000000111111100000000000
0000000001111111100000000000
0000000001111011100000000000
0000000011110111100000000000
0000000011111111000000000000
0000000011111100000000000000
0000000011111100000000000000
0000000000000000000000000000
0000000000000000000000000000
0000000000000000000000000000
