0000000000000000000000000000
0000000000000000000000000000
0000000000000000000000000000
0000000000000000000000000000
0000000000000000000000000000
0000000000001111111100000000
0000000000111111111111000000
0000000000111111111111000000
0000000001111110111111000000
0000000001111100001111000000
0000000001111000011111000000
0000000001111100111110000000
0000000001111101111110000000
0000000000111111111100000000
0000000000011111111000000000
0000000000011111110000000000
0000000000111111111000000000
0000000001111111111000000000
0000000011111001111000000000
0000000011111001111000000000
0000000111110001111000000000
0000000111100111111000000000
0000000111111111111000000000
0000000011111111110000000000
0000000001111111100000000000
0000000000000000000000000000
0000000000000000000000000000
0000000000000000000000000000
