0000000000000000000000000000
0000000000000000000000000000
0000000000000000000000000000
0000000000000000000000000000
0000000000001111110000000000
0000000000111111110000000000
0000000000111111110000000000
0000000000111011110000000000
0000000000110011110000000000
0000000000111011100000000000
0000000000111111100000000000
0000000000111111100000000000
0000000000011111100000000000
0000000000001111100000000000
0000000000001111110000000000
0000000000001111111000000000
0000000000011101111100000000
0000000000011100011100000000
0000000000111000011100000000
0000000000111000011100000000
0000000000111000111100000000
0000000000111111111000000000
0000000000111111111000000000
0000000000011111100000000000
0000000000000000000000000000
0000000000000000000000000000
0000000000000000000000000000
0000000000000000000000000000
