0000000000000000000000000000
0000000000000000000000000000
0000000000000000000000000000
0000000000000000000000000000
0000000000000011110000000000
0000000000000111111000000000
0000000000001111111100000000
0000000000001111111100000000
0000000000011111111100000000
0000000000011111111100000000
0000000000011111111100000000
0000000000011111111100000000
0000000000011111111000000000
0000000000011111111000000000
0000000000111111110000000000
0000000001111111110000000000
0000000011111111110000000000
0000000111111111110000000000
0000000111110011110000000000
0000000011111011110000000000
0000000011111111110000000000
0000000001111111110000000000
0000000000111111110000000000
0000000000011111110000000000
0000000000000000000000000000
0000000000000000000000000000
0000000000000000000000000000
0000000000000000000000000000
