0000000000000000000000000000
0000000000000000000000000000
0000000000000000000000000000
0000000000000000000000000000
0000000000000000000000000000
0000000000000000000000000000
0000000000000111100000000000
0000000000011111110001111110
0000000000111111110111111110
0000000011111111111111111110
0000000111111111111111110000
0000000111111111111111100000
0000000111101111111111000000
0000000111111111111100000000
0000000111111111100000000000
0000000111111111000000000000
0000000111111100000000000000
0000000111111110000000000000
0000000011111111100000000000
0000000011111111110000000000
0000000011101111111000000000
0000000011110001111000000000
0000000011111111111000000000
0000000000111111111000000000
0000000000111111110000000000
0000000000001111100000000000
0000000000000000000000000000
0000000000000000000000000000
