0000000000000000000000000000
0000000000000000000000000000
0000000000000000000000000000
0000000000000000000000000000
0000000000000000000000000000
0000000000011111111000000000
0000000000111111111100000000
0000000001111111111100000000
0000000001111100001100000000
0000000011110000001100000000
0000000011100000011100000000
0000000011100000011100000000
0000000011110000111100000000
0000000001111101111000000000
0000000000111101111000000000
0000000000011111110000000000
0000000000001111100000000000
0000000000001111111000000000
0000000000011111111000000000
0000000000111100111100000000
0000000001111000011100000000
0000000001110000011100000000
0000000001111111111100000000
0000000001111111111000000000
0000000000011111100000000000
0000000000000000000000000000
0000000000000000000000000000
0000000000000000000000000000
