0000000000000000000000000000
0000000000000000000000000000
0000000000000000000000000000
0000000000000000000000000000
0000000000000000000000000000
0000000000001111111111110000
0000000000111111111111110000
0000000001111111100011111000
0000000011111100000001111000
0000000111111100000001111000
0000001110111000000011111000
0000001110111100000111110000
0000001110111100011111100000
0000001110011110111111000000
0000000000011111111100000000
0000000000001111110000000000
0000000000001111100000000000
0000000001111111100000000000
0000000011111111110000000000
0000000111100001110000000000
0000011111000001111000000000
0000011110000011110000000000
0000011100001111100000000000
0000011111111111100000000000
0000011111111110000000000000
0000000000000000000000000000
0000000000000000000000000000
0000000000000000000000000000
