0000000000000000000000000000
0000000000000000000000000000
0000000000000000000000000000
0000000000000000000000000000
0000000000000000000000000000
0000000000000011110000000000
0000000000000011111111000000
0000000000000111111111000000
0000000000011111111110000000
0000000000111111111100000000
0000000000111111111000000000
0000000011111111110000000000
0000001111110111110000000000
0000001111100111100000000000
0000000111111111000000000000
0000000111111111111100000000
0000000000111111111110000000
0000000000001110001111000000
0000000000011110000111000000
0000000000011110000111000000
0000000000011110000111000000
0000000000011110011110000000
0000000000011110111110000000
0000000000001111111100000000
0000000000000111111000000000
0000000000000000000000000000
0000000000000000000000000000
0000000000000000000000000000
