0000000000000000000000000000
0000000000000000000000000000
0000000000000000000000000000
0000000000000000000000000000
0000000000111111000000000000
0000000000111111100111000000
0000000001111111101111000000
0000000011110011111110000000
0000000011100011111110000000
0000000011100001111100000000
0000000011110001111000000000
0000000001111011110000000000
0000000000111111100000000000
0000000000111111100000000000
0000000000011111000000000000
0000000000111111100000000000
0000000000111111110000000000
0000000001111001111000000000
0000000001111001111100000000
0000000001110000111100000000
0000000001110000011100000000
0000000001111111111100000000
0000000001111111111100000000
0000000001111111111000000000
0000000000000000000000000000
0000000000000000000000000000
0000000000000000000000000000
0000000000000000000000000000
