0000000000000000000000000000
0000000000000000000000000000
0000000000000000000000000000
0000000000000000000000000000
0000000000000000000000000000
0000000000000000000000000000
0000000001111111110111000000
0000000001111111111111000000
0000000001111000011111000000
0000000001111000111110000000
0000000001111101111100000000
0000000000111111111100000000
0000000000001111110000000000
0000000000001111100000000000
0000000000001111100000000000
0000000000011111100000000000
0000000000011111100000000000
0000000000011111100000000000
0000000000111111100000000000
0000000000111111100000000000
0000000001111111100000000000
0000000001111111000000000000
0000000001111111000000000000
0000000001111110000000000000
0000000000011110000000000000
0000000000011110000000000000
0000000000000000000000000000
0000000000000000000000000000
