0000000000000000000000000000
0000000000000000000000000000
0000000000000000000000000000
0000000000000000000000000000
0000000000000011111100000000
0000000000000111111110000000
0000000000001111111110000000
0000000000011100000010000000
0000000000011100000000000000
0000000000011100000111100000
0000000000011100011111000000
0000000000001111111110000000
0000000000001111111000000000
0000000000001111100000000000
0000000000011111100000000000
0000000000111111100000000000
0000000001111011100000000000
0000000001110001100000000000
0000000001110001110000000000
0000000001100001110000000000
0000000001110001110000000000
0000000001111001110000000000
0000000000011111110000000000
0000000000001111100000000000
0000000000000000000000000000
0000000000000000000000000000
0000000000000000000000000000
0000000000000000000000000000
