0000000000000000000000000000
0000000000000000000000000000
0000000000000000000000000000
0000000000000000000000000000
0000000000000000000000000000
0000000000000111111110000000
0000000000011111111111000000
0000000001111111000011100000
0000000011111000000011100000
0000000111100000000111000000
0000000111100000000111000000
0000000111000000011110000000
0000000111100000011100000000
0000000111110000111100000000
0000000011111101110000000000
0000000000111111100000000000
0000000000011111100000000000
0000000000001111100000000000
0000000000011111100000000000
0000000000111111100000000000
0000000001110001100000000000
0000000011110001100000000000
0000000011100011100000000000
0000000011111111100000000000
0000000001111111100000000000
0000000000000000000000000000
0000000000000000000000000000
0000000000000000000000000000
