0000000000000000000000000000
0000000000000000000000000000
0000000000000000000000000000
0000000000000000000000000000
0000000000000000000000000000
0000000000111111111100000000
0000000000111111111110000000
0000000001111111111111100000
0000000000111000000111100000
0000000000111100000011100000
0000000000111110000011100000
0000000000011111110111000000
0000000000001111111111000000
0000000000000011111110000000
0000000000111111111110000000
0000000011111111111110000000
0000000111111001111110000000
0000001111000000001110000000
0000011110000000001110000000
0000011100000000011110000000
0000011100000000111100000000
0000011100000111111000000000
0000011111111111110000000000
0000001111111111000000000000
0000001111111110000000000000
0000000000000000000000000000
0000000000000000000000000000
0000000000000000000000000000
