0000000000000000000000000000
0000000000000000000000000000
0000000000000000000000000000
0000000000000000000000000000
0000000000000000000000000000
0000000000000001111111100000
0000000000000111111111100000
0000000000000111111111110000
0000000000011111111111110000
0000000000011111000011100000
0000000000011110001111000000
0000000000011100111111000000
0000000000011100111111000000
0000000000011111111110000000
0000000000011111111000000000
0000000000111111110000000000
0000000011111111111000000000
0000000111111110111000000000
0000001111111000111100000000
0000001111000000111100000000
0000001110000001111100000000
0000001111100111111100000000
0000000111111111111000000000
0000000111111111110000000000
0000000001111110000000000000
0000000000000000000000000000
0000000000000000000000000000
0000000000000000000000000000
