0000000000000000000000000000
0000000000000000000000000000
0000000000000000000000000000
0000000000000000000000000000
0000000000000000000000000000
0000000000000111111111000000
0000000000011111111111000000
0000000000111111111111000000
0000000000111110001111000000
0000000000111100011110000000
0000000000111000111110000000
0000000000111001111100000000
0000000000111111111000000000
0000000000111111110000000000
0000000000011111100000000000
0000000000011111000000000000
0000000000111111100000000000
0000000001111111100000000000
0000000001111011100000000000
0000000011110111100000000000
0000000111110111100000000000
0000000111100111100000000000
0000000111111111000000000000
0000000111111110000000000000
0000000011111100000000000000
0000000000000000000000000000
0000000000000000000000000000
0000000000000000000000000000
