0000000000000000000000000000
0000000000000000000000000000
0000000000000000000000000000
0000000000000000000000000000
0000000000000000000000000000
0000000000000000000000000000
0000001111111110001100000000
0000001111111111011100000000
0000001110000111111100000000
0000001111000011111000000000
0000000111100011111000000000
0000000011110011110000000000
0000000001111111110000000000
0000000000111111100000000000
0000000000001111100000000000
0000000000001111110000000000
0000000000011111111000000000
0000000000011110111000000000
0000000000011100011100000000
0000000000111100011100000000
0000000000111100011100000000
0000000000011100011100000000
0000000000011110111100000000
0000000000001111111000000000
0000000000000111111000000000
0000000000000011110000000000
0000000000000000000000000000
0000000000000000000000000000
