0000000000000000000000000000
0000000000000000000000000000
0000000000000000000000000000
0000000000000000000000000000
0000000000000000000000000000
0000000000000001111100000000
0000000000000111111110000000
0000000000000111111110000000
0000000000011111011110000000
0000000000111100111110000000
0000000000111001111100000000
0000000001111111111000000000
0000000001110111110000000000
0000000001111111100000000000
0000000000111110000000000000
0000000000111111000000000000
0000000000111111000000000000
0000000000111111000000000000
0000000001110111100000000000
0000000001110011100000000000
0000000001110011100000000000
0000000001110111100000000000
0000000001111111000000000000
0000000000111110000000000000
0000000000111100000000000000
0000000000000000000000000000
0000000000000000000000000000
0000000000000000000000000000
