0000000000000000000000000000
0000000000000000000000000000
0000000000000000000000000000
0000000000000000000000000000
0000000000000000000000000000
0000000000111111100000000000
0000000000111111111100000000
0000000000111111111110000000
0000000001111000011111000000
0000000001111000001111000000
0000000000111100011111000000
0000000000111110111110000000
0000000000011111111100000000
0000000000001111111000000000
0000000000001111111000000000
0000000000011111111000000000
0000000000011111111000000000
0000000000111111111000000000
0000000000111110111000000000
0000000001111100111000000000
0000000001111000111000000000
0000000001111000111000000000
0000000000111111111000000000
0000000000111111110000000000
0000000000011111110000000000
0000000000000000000000000000
0000000000000000000000000000
0000000000000000000000000000
