0000000000000000000000000000
0000000000000000000000000000
0000000000000000000000000000
0000000000000000000000000000
0000000000011111110000000000
0000000000111111111000000000
0000000001111111111110000000
0000000001110000011110000000
0000000001100000011110000000
0000000001110000001110000000
0000000001111100011100000000
0000000001111111111000000000
0000000000011111111000000000
0000000000001111110000000000
0000000000001111111000000000
0000000000011111111100000000
0000000000011110111100000000
0000000000111100011100000000
0000000001111000011100000000
0000000001110000001100000000
0000000001110000001100000000
0000000001111000111100000000
0000000001111111111100000000
0000000000111111111000000000
0000000000000000000000000000
0000000000000000000000000000
0000000000000000000000000000
0000000000000000000000000000
