0000000000000000000000000000
0000000000000000000000000000
0000000000000000000000000000
0000000000000000000000000000
0000000000000000011110000000
0000000000000001111110000000
0000000000000011111110000000
0000000000000111110000000000
0000000000000111100000000000
0000000000000111000000111000
0000000000000111000011111000
0000000000000111000111110000
0000000000000111011111100000
0000000000000111111110000000
0000000000000111111100000000
0000000000001111110000000000
0000000000111111100000000000
0000000001111111000000000000
0000000011111111000000000000
0000000011111111000000000000
0000000111101111000000000000
0000000111111110000000000000
0000000111111110000000000000
0000000011111100000000000000
0000000000000000000000000000
0000000000000000000000000000
0000000000000000000000000000
0000000000000000000000000000
