0000000000000000000000000000
0000000000000000000000000000
0000000000000000000000000000
0000000000000000000000000000
0000000000000000000000000000
0000000000001111111000000000
0000000000001111111100000000
0000000000011111111100000000
0000000000111111111110000000
0000000011111111111110000000
0000000111111110111100000000
0000000111111011111100000000
0000000111111111111000000000
0000000111111111110000000000
0000000111111111110000000000
0000000001111111111000000000
0000000001111111111100000000
0000000001111111111110000000
0000000011111000111110000000
0000000011110000011110000000
0000000011110000011110000000
0000000011111100111110000000
0000000001111111111100000000
0000000001111111111000000000
0000000000111111111000000000
0000000000000000000000000000
0000000000000000000000000000
0000000000000000000000000000
