0000000000000000000000000000
0000000000000000000000000000
0000000000000000000000000000
0000000000000000000000000000
0000000000000000000000000000
0000000000000000011111100000
0000000000000001111111000000
0000000000000111111110000000
0000000000011111111100000000
0000000000011111110001100000
0000000001111110000011100000
0000000001111100000011100000
0000000001110000000111100000
0000000001110000001111100000
0000000001110000011110000000
0000000001111101111100000000
0000000000011111111100000000
0000000000001111100000000000
0000000000001111000000000000
0000000000011111110000000000
0000000001111011100000000000
0000000001100011110000000000
0000000011100111110000000000
0000000011111111100000000000
0000000001111111000000000000
0000000000000000000000000000
0000000000000000000000000000
0000000000000000000000000000
