0000000000000000000000000000
0000000000000000000000000000
0000000000000000000000000000
0000000000000000000000000000
0000000000000000000000000000
0000000000000000001111000000
0000000000000000111110000000
0000000000000011111110000000
0000000000000111111110000000
0000000000111111111110000000
0000000001111111101110000000
0000000001111110011100000000
0000000000111100011100000000
0000000000111100111000000000
0000000000111101110000000000
0000000000001111110000000000
0000000000001111100000000000
0000000000011111100000000000
0000000000111111100000000000
0000000001111111100000000000
0000000011111001100000000000
0000000011100011100000000000
0000000011101111100000000000
0000000011111111100000000000
0000000001111110000000000000
0000000000000000000000000000
0000000000000000000000000000
0000000000000000000000000000
