0000000000000000000000000000
0000000000000000000000000000
0000000000000000000000000000
0000000000000000000000000000
0000000000000000000000000000
0000000000011111100000111000
0000000000111111110001111000
0000001111111111111011111000
0000001111111000111111110000
0000000011110000001111110000
0000000011110000011111100000
0000000011111000111110000000
0000000001111101111110000000
0000000001111111111100000000
0000000000111111111000000000
0000000000011111110000000000
0000000000011111111100000000
0000000000111111111100000000
0000000001111110111100000000
0000000011111111111100000000
0000000011111111111000000000
0000000011111111111000000000
0000000111111111110000000000
0000000111111110000000000000
0000000111111100000000000000
0000000000000000000000000000
0000000000000000000000000000
0000000000000000000000000000
