0000000000000000000000000000
0000000000000000000000000000
0000000000000000000000000000
0000000000000000000000000000
0000000000000000000000000000
0000000000000111111100000000
0000000000001111111110000000
0000000000011111111110000000
0000000000111111111110000000
0000000000111111111110000000
0000000000111100011110000000
0000000000111000011110000000
0000000000111001111110000000
0000000000111111111100000000
0000000000111111111100000000
0000000000011111110000000000
0000000000111111100000000000
0000000001111111100000000000
0000000001111111110000000000
0000000011111011110000000000
0000000011110001110000000000
0000000011110011110000000000
0000000011111111110000000000
0000000001111111110000000000
0000000000111111100000000000
0000000000000000000000000000
0000000000000000000000000000
0000000000000000000000000000
