0000000000000000000000000000
0000000000000000000000000000
0000000000000000000000000000
0000000000000000000000000000
0000000000000000000000000000
0000000000000111110000000000
0000000000001111111000000000
0000000000101111111100000000
0000000011101100111100000000
0000000011100000111100000000
0000000001110001111000000000
0000000001111011111000000000
0000000000111111110000000000
0000000000011111100000000000
0000000000001111000000000000
0000000000001111000000000000
0000000000011111100000000000
0000000000011111100000000000
0000000000011111100000000000
0000000000111011100000000000
0000000000111011100000000000
0000000000111011100000000000
0000000000111011100000000000
0000000000111111100000000000
0000000000011111000000000000
0000000000000000000000000000
0000000000000000000000000000
0000000000000000000000000000
