0000000000000000000000000000
0000000000000000000000000000
0000000000000000000000000000
0000000000000000000000000000
0000000000000000000000000000
0000000000001111111100000000
0000000000011111111110000000
0000000000011100001111000000
0000000000111000000111100000
0000000000110000001111100000
0000000000110000011110000000
0000000000111000111100000000
0000000000011111111000000000
0000000000011111110000000000
0000000000000111100000000000
0000000000001111110000000000
0000000000011111111000000000
0000000000011110111000000000
0000000000111100011000000000
0000000001111000011000000000
0000000001110000111000000000
0000000001110000111000000000
0000000001111011111000000000
0000000001111111110000000000
0000000000011111000000000000
0000000000000000000000000000
0000000000000000000000000000
0000000000000000000000000000
