0000000000000000000000000000
0000000000000000000000000000
0000000000000000000000000000
0000000000000000000000000000
0000000000000000000000000000
0000000000000000000000000000
0000000000111111111111100000
0000000011111111111111111000
0000000111111111111111111000
0000000111100000011111111000
0000000011110000001111110000
0000000001111011111111000000
0000000001111111111100000000
0000000000111111111000000000
0000000000011111110000000000
0000000000011111100000000000
0000000000111111100000000000
0000000001111111110000000000
0000000011110001111000000000
0000000011110000111100000000
0000000011110000011100000000
0000000011100000011100000000
0000000011110001111100000000
0000000011111111111000000000
0000000011111111110000000000
0000000001111111000000000000
0000000000000000000000000000
0000000000000000000000000000
