0000000000000000000000000000
0000000000000000000000000000
0000000000000000000000000000
0000000000000000000000000000
0000000000000000000000000000
0000000000001111110000000000
0000000000011111111110000000
0000000001111111111111100000
0000000001111000001111100000
0000000001110000011111100000
0000000001100000111100000000
0000000001110001111000000000
0000000001111011110000000000
0000000000011111100000000000
0000000000011111000000000000
0000000000001111000000000000
0000000000011111000000000000
0000000000011111110000000000
0000000000111011110000000000
0000000001111001110000000000
0000000001110000110000000000
0000000001100011110000000000
0000000001100111110000000000
0000000001111111100000000000
0000000001111111000000000000
0000000000000000000000000000
0000000000000000000000000000
0000000000000000000000000000
