0000000000000000000000000000
0000000000000000000000000000
0000000000000000000000000000
0000000000000000000000000000
0000000000000000000000000000
0000000000000000000000000000
0000000001111111111110000000
0000000011111111111111110000
0000000111111111111111110000
0000000111111111111111110000
0000000111111100111111111000
0000000111111100000011111000
0000000011111110000011111000
0000000001111110000011110000
0000000000111111000011100000
0000000000111111110011000000
0000000000111111110000000000
0000000000111111100000000000
0000000001111111100000000000
0000000001111111110000000000
0000000011111111110000000000
0000000011111111100000000000
0000000011111111100000000000
0000000011111111100000000000
0000000011111111100000000000
0000000011111110000000000000
0000000000000000000000000000
0000000000000000000000000000
