0000000000000000000000000000
0000000000000000000000000000
0000000000000000000000000000
0000000000000000000000000000
0000000000000000000000000000
0000000011111111111000000000
0000000111111111111100000000
0000000111111111111101100000
0000000111111100111111110000
0000000111110000011111110000
0000000111100000011111110000
0000000111100000001111100000
0000000111110000011110000000
0000000011111000111110000000
0000000001111101111100000000
0000000001111111111100000000
0000000000111111111000110000
0000000001111111100001110000
0000000111111111111001110000
0000000111111011111001110000
0000001111110001111101110000
0000001111000011111100000000
0000001111111111111000000000
0000000111111111111000000000
0000000111111111100000000000
0000000000000000000000000000
0000000000000000000000000000
0000000000000000000000000000
