0000000000000000000000000000
0000000000000000000000000000
0000000000000000000000000000
0000000000000000000000000000
0000000000000000000000000000
0000000000000011111110000000
0000000000001111111111000000
0000000000011111111111000000
0000000000011110111111000000
0000000000111111111110000000
0000000000111111111000000000
0000000000111111100000000000
0000000000111110000000000000
0000000001111111000000000000
0000000001111111000000000000
0000000011101111000000000000
0000000011100111100000000000
0000000011100011100000000000
0000000011100011100000000000
0000000001110011100000000000
0000000001110001100000000000
0000000001111001100000000000
0000000000111111100000000000
0000000000111111100000000000
0000000000001111100000000000
0000000000000000000000000000
0000000000000000000000000000
0000000000000000000000000000
