0000000000000000000000000000
0000000000000000000000000000
0000000000000000000000000000
0000000000000000000000000000
0000000000000000000000000000
0000000001111111110000000000
0000000011111111111000000000
0000000011111100111000000000
0000000111111100011000000000
0000000111111100011000000000
0000000110001100011000000000
0000000111000001111000000000
0000000111111111110000000000
0000000011111111110000000000
0000000001111111111100000000
0000000001111110011110000000
0000000001110100001111000000
0000000011110000000111000000
0000000011100000000111100000
0000000011100000000011100000
0000000011100000000001100000
0000000011100000000001100000
0000000011110000000111100000
0000000001111000011111000000
0000000000111111111110000000
0000000000000000000000000000
0000000000000000000000000000
0000000000000000000000000000
