0000000000000000000000000000
0000000000000000000000000000
0000000000000000000000000000
0000000000000000000000000000
0000000000000000000000000000
0000000000000111111111000000
0000000000111111111111000000
0000000011111111111111111110
0000000111111111000111111110
0000000111110000000111111110
0000000111000000011111111000
0000000111000000111111000000
0000000111100001111100000000
0000000111110111110000000000
0000000111111111100000000000
0000000001111111000000000000
0000000000111110000000000000
0000000000111111000000000000
0000000001111111100000000000
0000000011110111100000000000
0000000111100011110000000000
0000000011100001110000000000
0000000011110011110000000000
0000000011111111110000000000
0000000001111111110000000000
0000000000000000000000000000
0000000000000000000000000000
0000000000000000000000000000
