0000000000000000000000000000
0000000000000000000000000000
0000000000000000000000000000
0000000000000000000000000000
0000000000000000111110000000
0000000000000001111110000000
0000000000000111111110000000
0000000000000111101100000000
0000000000001111000011100000
0000000000011100000111100000
0000000000011100011111100000
0000000000011101111110000000
0000000000001111111100000000
0000000000011111110000000000
0000000000011111100000000000
0000000001111110000000000000
0000000001111110000000000000
0000000011110110000000000000
0000000011100011000000000000
0000000111000011000000000000
0000000111000011000000000000
0000000111111111000000000000
0000000111111111000000000000
0000000111111110000000000000
0000000000000000000000000000
0000000000000000000000000000
0000000000000000000000000000
0000000000000000000000000000
