0000000000000000000000000000
0000000000000000000000000000
0000000000000000000000000000
0000000000000000000000000000
0000000000000000000000000000
0000000000000111111111000000
0000000000001111111111100000
0000000000001111111111100000
0000000000111111000111100000
0000000001111111001111000000
0000000001111111101110000000
0000000001111111111110000000
0000000001111001111000000000
0000000000111111111000000000
0000000000011111110000000000
0000000000011111100000000000
0000000000011111000000000000
0000000000111111100000000000
0000000011111111100000000000
0000000011110111100000000000
0000000011100111100000000000
0000000111100111100000000000
0000000111111111100000000000
0000000111111111000000000000
0000000011111110000000000000
0000000000000000000000000000
0000000000000000000000000000
0000000000000000000000000000
