0000000000000000000000000000
0000000000000000000000000000
0000000000000000000000000000
0000000000000000000000000000
0000000000000000000000000000
0000000000000111111110000000
0000000000000111111110000000
0000000000011111111110000000
0000000000111111100110000000
0000000001111110001111100000
0000000111111000011111100000
0000000111100001111110000000
0000000111110001111100000000
0000000001111111111000000000
0000000001111111110000000000
0000000000011111100000000000
0000000000011111100000000000
0000000000011111110000000000
0000000000011111111000000000
0000000000111100111000000000
0000000000111001111000000000
0000000001110111110000000000
0000000001111111110000000000
0000000001111111000000000000
0000000001111110000000000000
0000000000000000000000000000
0000000000000000000000000000
0000000000000000000000000000
