0000000000000000000000000000
0000000000000000000000000000
0000000000000000000000000000
0000000000000000000000000000
0000000000000000000000000000
0000000000000111111100000000
0000000000000111111111000000
0000000000001111111111000000
0000000000001111011111100000
0000000000001111011111100000
0000000000001110111111100000
0000000000001110111111000000
0000000000011111111111000000
0000000000011111111100000000
0000000000011111110000000000
0000000000011111100000000000
0000000000111111000000000000
0000000001111111000000000000
0000000001111111000000000000
0000000111111111000000000000
0000000111101111100000000000
0000000111001111000000000000
0000000111111111000000000000
0000000111111111000000000000
0000000111111100000000000000
0000000000000000000000000000
0000000000000000000000000000
0000000000000000000000000000
