0000000000000000000000000000
0000000000000000000000000000
0000000000000000000000000000
0000000000000000000000000000
0000000000000000000000000000
0000000000000111111000000000
0000000000011111111100000000
0000000000111111111100000000
0000000001111100011100000000
0000000001111000111100000000
0000000001111100111100000000
0000000000111100111100000000
0000000000111100111000000000
0000000000011111111000000000
0000000000001111110000000000
0000000000001111110000000000
0000000000001111100000000000
0000000000011111100000000000
0000000000111111100000000000
0000000001111111100000000000
0000000011111011100000000000
0000000011110111100000000000
0000000011110111100000000000
0000000011100111100000000000
0000000011101111000000000000
0000000000000000000000000000
0000000000000000000000000000
0000000000000000000000000000
