0000000000000000000000000000
0000000000000000000000000000
0000000000000000000000000000
0000000000000000000000000000
0000000000000000000000000000
0000000000011111111100000000
0000000001111111111110000000
0000000011111111111111000000
0000000011111111111111100000
0000000011111111111111100000
0000000011111000111111110000
0000000011111001111111110000
0000000011111111111100000000
0000000011111111111100000000
0000000001111111111000000000
0000000000111111111100000000
0000000000111111111100000000
0000000000011111111100000000
0000000000111111111100000000
0000000001111111111100000000
0000000011111111111100000000
0000000011111111111000000000
0000000011111111110000000000
0000000011111111100000000000
0000000011111110000000000000
0000000000000000000000000000
0000000000000000000000000000
0000000000000000000000000000
