0000000000000000000000000000
0000000000000000000000000000
0000000000000000000000000000
0000000000000000000000000000
0000000000000000000000000000
0000000000000001111111110000
0000000000011111111111110000
0000000000111111111111110000
0000000001111111110011110000
0000000011111110000111110000
0000000011110000011111110000
0000000011111000111111110000
0000000011111001111111000000
0000000011111111111110000000
0000000001111111111100000000
0000000000111111111000000000
0000000001111111100000000000
0000000011111111100000000000
0000000111111111100000000000
0000001111111111100000000000
0000001111100011110000000000
0000001111000011110000000000
0000001111111111100000000000
0000001111111111100000000000
0000000111111111000000000000
0000000000000000000000000000
0000000000000000000000000000
0000000000000000000000000000
