0000000000000000000000000000
0000000000000000000000000000
0000000000000000000000000000
0000000000000000000000000000
0000000000000000000000000000
0000000001111111110000000000
0000000011111111111100000000
0000000011111111111100000000
0000000011100000111110000000
0000000011110000001110000000
0000000011111000011110000000
0000000011111110111110000000
0000000001111111111100000000
0000000000011111111100000000
0000000000111111111000000000
0000000001111101111100000000
0000000011111000111110000000
0000000111110000001110000000
0000000111100000001110000000
0000000111000000001110000000
0000000111000000011110000000
0000000111100000111100000000
0000000111111111111100000000
0000000011111111111000000000
0000000001111111100000000000
0000000000000000000000000000
0000000000000000000000000000
0000000000000000000000000000
