0000000000000000000000000000
0000000000000000000000000000
0000000000000000000000000000
0000000000000000000000000000
0000000000000000000000000000
0000000000000000000000000000
0000000000000000001111111000
0000000000000111111111111000
0000000000001111111111111000
0000000000011111111001111000
0000000000011111100011110000
0000000000111111000111100000
0000000000111100001111000000
0000000000110000011110000000
0000000000110001111100000000
0000000000110011111000000000
0000000000110111100000000000
0000000000111111000000000000
0000000000111110000000000000
0000000011111100000000000000
0000000111111000000000000000
0000001111111000000000000000
0000001111110000000000000000
0000011111110000000000000000
0000011111100000000000000000
0000011111000000000000000000
0000000000000000000000000000
0000000000000000000000000000
