0000000000000000000000000000
0000000000000000000000000000
0000000000000000000000000000
0000000000000000000000000000
0000000000000000000000000000
0000000000111111111100000000
0000000001111111111111000000
0000000011111101111111000000
0000000111100000111111100000
0000000111000000000011100000
0000000111000000000111100000
0000000111100000001111000000
0000000111110000111111000000
0000000011111111111100000000
0000000001111111111000000000
0000000000011111110000000000
0000000000111111110000000000
0000000001111101111000000000
0000000001111000111100000000
0000000011110000111100000000
0000000001110000011110000000
0000000001110000001110000000
0000000001111100011110000000
0000000000111111111110000000
0000000000011111111100000000
0000000000000000000000000000
0000000000000000000000000000
0000000000000000000000000000
