0000000000000000000000000000
0000000000000000000000000000
0000000000000000000000000000
0000000000000000000000000000
0000000000000000000000000000
0000000000001111111000000000
0000000000111111111100000000
0000000000111111111100000000
0000000000111111111111000000
0000000000111101111111000000
0000000000111111111111000000
0000000000011111111111000000
0000000000011111111110000000
0000000000011111110000000000
0000000000111111111000000000
0000000000111101111000000000
0000000000111001111000000000
0000000001111001111100000000
0000000001111000111100000000
0000000001111000111100000000
0000000001111001111000000000
0000000001111111111000000000
0000000000111111111000000000
0000000000111111110000000000
0000000000011111100000000000
0000000000000000000000000000
0000000000000000000000000000
0000000000000000000000000000
