0000000000000000000000000000
0000000000000000000000000000
0000000000000000000000000000
0000000000000000000000000000
0000000000000000000000000000
0000000000000000111111110000
0000000000000011111111110000
0000000000000111111110110000
0000000000001111111100110000
0000000000001111011100000000
0000000000001110011100000000
0000000000011110111110000000
0000000000011110111100000000
0000000000001111111100000000
0000000000001111111000000000
0000000000001111100000000000
0000000000001111000000000000
0000000000111111000000000000
0000000001111111000000000000
0000000011111111000000000000
0000000011111111000000000000
0000000111101111000000000000
0000000111111111000000000000
0000000011111111000000000000
0000000011111110000000000000
0000000000000000000000000000
0000000000000000000000000000
0000000000000000000000000000
