0000000000000000000000000000
0000000000000000000000000000
0000000000000000000000000000
0000000000000000000000000000
0000000000000000000011100000
0000000000000000000111100000
0000000000001110001111100000
0000000000011110111110000000
0000000000111110111100000000
0000000000111101111000000000
0000000000111111110000000000
0000000000011111100000000000
0000000000011111000000000000
0000000000011111000000000000
0000000000111111000000000000
0000000000111011100000000000
0000000001111011100000000000
0000000001111011100000000000
0000000001110011100000000000
0000000001100111000000000000
0000000001101111000000000000
0000000001111111000000000000
0000000001111110000000000000
0000000001111100000000000000
0000000000000000000000000000
0000000000000000000000000000
0000000000000000000000000000
0000000000000000000000000000
