0000000000000000000000000000
0000000000000000000000000000
0000000000000000000000000000
0000000000000000000000000000
0000000000000000000000000000
0000000000001111111000111000
0000000000111111111101111100
0000000001111111111101111100
0000000001111111111111111100
0000000011111100111111111000
0000000011111000111111110000
0000000011111111111111100000
0000000011111111111110000000
0000000001111111111100000000
0000000001111111110000000000
0000000111111110000000000000
0000000111111111000000000000
0000001111111111000000000000
0000001111101111100000000000
0000001111000111100000000000
0000001111001111100000000000
0000001111111111100000000000
0000001111111111100000000000
0000001111111111000000000000
0000001111111110000000000000
0000000000000000000000000000
0000000000000000000000000000
0000000000000000000000000000
