0000000000000000000000000000
0000000000000000000000000000
0000000000000000000000000000
0000000000000000000000000000
0000000000000000000000000000
0000000000000111100000000000
0000000000000111100000000000
0000000000001111100000000000
0000000000011111100000000000
0000000000111011100000000000
0000000000110011100000000000
0000000000110011000000000000
0000000000110011000000000000
0000000000011110000000000000
0000000000011110000000000000
0000000000001110000000000000
0000000000000111000000000000
0000000000000111100000000000
0000000000000111110000000000
0000000000000100110000000000
0000000000000100110000000000
0000000000000110110000000000
0000000000000110110000000000
0000000000000111110000000000
0000000000000111100000000000
0000000000000000000000000000
0000000000000000000000000000
0000000000000000000000000000
