0000000000000000000000000000
0000000000000000000000000000
0000000000000000000000000000
0000000000000000000000000000
0000000000000000000000000000
0000000000000011110011100000
0000000000111111111011100000
0000000001111111111001100000
0000000001111000000011100000
0000000001100000000111000000
0000000001110000001111000000
0000000000111100001100000000
0000000000111110011100000000
0000000000001111111000000000
0000000000000111110000000000
0000000000000011110000000000
0000000000000111110000000000
0000000000001111110000000000
0000000000011101110000000000
0000000000111101110000000000
0000000000110001110000000000
0000000001110001110000000000
0000000000111101110000000000
0000000000111111110000000000
0000000000001111110000000000
0000000000000000000000000000
0000000000000000000000000000
0000000000000000000000000000
