0000000000000000000000000000
0000000000000000000000000000
0000000000000000000000000000
0000000000000000000000000000
0000000000000000000000000000
0000000000011111111110000000
0000000000111111111111110000
0000000001111111111111111000
0000000001111111111111111000
0000000011111111111111111000
0000000011111000111111110000
0000000111111000111111100000
0000000111110000111110000000
0000000111110001111100000000
0000000111110111111000000000
0000000111111111100000000000
0000000011111111000000000000
0000000011111111100000000000
0000000011111111111000000000
0000000011111111111110000000
0000000011111111111111000000
0000000011111111111110000000
0000000011111111111110000000
0000000011111111111100000000
0000000001111111111000000000
0000000000000000000000000000
0000000000000000000000000000
0000000000000000000000000000
