0000000000000000000000000000
0000000000000000000000000000
0000000000000000000000000000
0000000000000000000000000000
0000000000000000000000000000
0000000001111111110000000000
0000000011111111111111110000
0000000011111111111111110000
0000000011110000111111110000
0000000011110000111111110000
0000000011111000110111110000
0000000001111100001111100000
0000000001111110111111000000
0000000000111111111111000000
0000000000011111111110000000
0000000000111111110000000000
0000000001111111000000000000
0000000111111111100000000000
0000000111110111100000000000
0000001111100011100000000000
0000001110000011100000000000
0000001110000111100000000000
0000001111001111100000000000
0000001111111111000000000000
0000001111111111000000000000
0000000000000000000000000000
0000000000000000000000000000
0000000000000000000000000000
