0000000000000000000000000000
0000000000000000000000000000
0000000000000000011100000000
0000000000000000011100000000
0000000000000000001110000000
0000000000000000001110000000
0000000000000000001110000000
0000000000000000001110000000
0000000000000000001100000000
0000000001111110001100000000
0000000001111111111100000000
0000000001111100011100000000
0000000001100000111100000000
0000000001110000111100000000
0000000001111001111000000000
0000000000111111110000000000
0000000000011111100000000000
0000000001111111100000000000
0000000001111111100000000000
0000000001111111100000000000
0000000001111111100000000000
0000000000111111100000000000
0000000000000000000000000000
0000000000000000000000000000
0000000000000000000000000000
0000000000000000000000000000
0000000000000000000000000000
0000000000000000000000000000
