0000000000000000000000000000
0000000000000000000000000000
0000000000000000000000000000
0000000000000000000000000000
0000000000000000000000000000
0000000000000000011100000000
0000000000000000111110000000
0000000000000011111111000000
0000000000001111111111000000
0000000000001111111000000000
0000000000011111111000000000
0000000000111111110000000000
0000000011111111110000000000
0000000011110111100000000000
0000000011111111100000000000
0000000011111111100000000000
0000000011111111111000000000
0000000000001111111000000000
0000000000001110111100000000
0000000000001100011100000000
0000000000011100111000000000
0000000000011101111000000000
0000000000011111110000000000
0000000000011111100000000000
0000000000011110000000000000
0000000000000000000000000000
0000000000000000000000000000
0000000000000000000000000000
