0000000000000000000000000000
0000000000000000000000000000
0000000000000000000000000000
0000000000000000000000000000
0000000000000000000000000000
0000000001111111100000000000
0000000001111111110000000000
0000000000110011111100000000
0000000000111000011110000000
0000000000011100001110000000
0000000000011110001110000000
0000000000001111111110000000
0000000000000111111110000000
0000000000000111111110000000
0000000000001111111100000000
0000000000011111110000000000
0000000000111101111000000000
0000000001111000111000000000
0000000001110000110000000000
0000000011110001110000000000
0000000011100001110000000000
0000000011100011110000000000
0000000011111111100000000000
0000000001111111000000000000
0000000001111110000000000000
0000000000000000000000000000
0000000000000000000000000000
0000000000000000000000000000
