0000000000000000000000000000
0000000000000000000000000000
0000000000000000000000000000
0000000000000000000000000000
0000000000000000000000000000
0000000000000000000000000000
0000000000000000000000000000
0000000000001111111100000000
0000000000011111111100000000
0000000000111111111100000000
0000000001111111011000000000
0000000001111000111100000000
0000000011110000111100000000
0000000011110000111100000000
0000000011100001111100000000
0000000011111111111000000000
0000000011111111111000000000
0000000001111111111000000000
0000000000111110111000000000
0000000000000000111000000000
0000000000000000111000000000
0000000000000000111000000000
0000000000000000111000000000
0000000000000000111000000000
0000000000000000111000000000
0000000000000000111000000000
0000000000000000111000000000
0000000000000000000000000000
