0000000000000000000000000000
0000000000000000000000000000
0000000000000000000000000000
0000000000000000000000000000
0000000000000000000000000000
0000000000000000000000000000
0000000000000000000000000000
0000000000001111100000000000
0000000000111111111000000000
0000000001111101111100000000
0000000001110000011100000000
0000000011100000111000000000
0000000011100000111000000000
0000000011000000111000000000
0000000011000000110000000000
0000000011000001110000000000
0000000011111111110000000000
0000000001111111100000000000
0000000000001001100000000000
0000000000000001100000000000
0000000000000001100000000000
0000000000000001100000000000
0000000000000001100000000000
0000000000000001100000000000
0000000000000001100000000000
0000000000000001100000000000
0000000000000001100000000000
0000000000000000000000000000
