0000000000000000000000000000
0000000000000000000000000000
0000000000000000000000000000
0000000000000000000000000000
0000000000000000000000000000
0000000000000000000000000000
0000000000000000000000000000
0000000001111110000000000000
0000000011111111100000000000
0000000111111111110000000000
0000000111111111111000000000
0000000111100111111000000000
0000001111001111111000000000
0000001111111110011100000000
0000001111111110011100000000
0000000111111000011100000000
0000000000000000011100000000
0000000000000000011100000000
0000000000000000011100000000
0000000000000000011100000000
0000000000000000011100000000
0000000000000000011100000000
0000000000000000011100000000
0000000000000000011000000000
0000000000000000111000000000
0000000000000000111000000000
0000000000000000011000000000
0000000000000000000000000000
