0000000000000000000000000000
0000000000000000000000000000
0000000000000000000000000000
0000000000000000000000000000
0000000000000000000000000000
0000000000000000000000000000
0000000000000000000000000000
0000000000001111111000000000
0000000000111111111100000000
0000000000111000011110000000
0000000001110000001110000000
0000000001100000001110000000
0000000001100000111100000000
0000000001100000111100000000
0000000001110001111000000000
0000000001111111110000000000
0000000000111111110000000000
0000000000011101100000000000
0000000000000011100000000000
0000000000000011100000000000
0000000000000111000000000000
0000000000000111000000000000
0000000000000110000000000000
0000000000001110000000000000
0000000000001110000000000000
0000000000001100000000000000
0000000000001100000000000000
0000000000000000000000000000
