0000000000000000000000000000
0000000000000000000000000000
0000000000000000000000000000
0000000000000000000000000000
0000000000000000000000000000
0000000000000000000000000000
0000000000011111100000000000
0000000000111111100000000000
0000000001111111110000000000
0000000001111111110000000000
0000000001111111110000000000
0000000011111011110000000000
0000000011111011111000000000
0000000001110011111000000000
0000000001110111111000000000
0000000001111111111000000000
0000000000111111111000000000
0000000000011111111000000000
0000000000001111111000000000
0000000000000111111100000000
0000000000000000111100000000
0000000000000000111110000000
0000000000000000011110000000
0000000000000000011110000000
0000000000000000001111000000
0000000000000000001111000000
0000000000000000000000000000
0000000000000000000000000000
