0000000000000000000000000000
0000000000000000000000000000
0000000000000000000000000000
0000000000000000000000000000
0000000000000000000000000000
0000000000000000000000000000
0000000000000000000000000000
0000000001111000000000000000
0000000111111100000000000000
0000001111111110000000000000
0000011111111111110000000000
0000011110000011110000000000
0000011100000111111000000000
0000011100001111111100000000
0000011110001111111100000000
0000011111111111011110000000
0000011111111110011111000000
0000000111111100011111100000
0000000000000000001111110000
0000000000000000000111111000
0000000000000000000011111000
0000000000000000000001111000
0000000000000000000000111000
0000000000000000000000000000
0000000000000000000000000000
0000000000000000000000000000
0000000000000000000000000000
0000000000000000000000000000
