0000000000000000000000000000
0000000000000000000000000000
0000000000000000000000000000
0000000000000000000000000000
0000000000000000000000000000
0000000000000000000000000000
0000000000000001111111100000
0000000000000111111111100000
0000000000011111111111100000
0000000000111111100001100000
0000000001111110000111100000
0000000011111000001110100000
0000000111110000111110000000
0000000111100111111110000000
0000000111111111111100000000
0000000111111111111100000000
0000000011111101111000000000
0000000001100001110000000000
0000000000000111110000000000
0000000000000111100000000000
0000000000001111000000000000
0000000000001110000000000000
0000000000111110000000000000
0000000000111100000000000000
0000000000111000000000000000
0000000001111000000000000000
0000000000000000000000000000
0000000000000000000000000000
