0000000000000000000000000000
0000000000000000000000000000
0000000000000000000000000000
0000000000000000000000000000
0000000000000000000000000000
0000000000000000000000000000
0000000000000001111110000000
0000000000000011111110000000
0000000000011111110111000000
0000000000111110001111100000
0000000001111000001111100000
0000000011110000011111100000
0000000011100000111111000000
0000000111000001111110000000
0000000111000111111100000000
0000000111111111111000000000
0000000111111111111000000000
0000000011111011110000000000
0000000000000111100000000000
0000000000001111000000000000
0000000000001110000000000000
0000000000011110000000000000
0000000000111100000000000000
0000000000111000000000000000
0000000000111000000000000000
0000000000111000000000000000
0000000000000000000000000000
0000000000000000000000000000
