0000000000000000000000000000
0000000000000000000000000000
0000000000000000000000000000
0000000000000000000000000000
0000000000000000000000000000
0000000000000000000000000000
0000000000000000000000000000
0000000000001111111000000000
0000000000011111111000000000
0000000000111111111000000000
0000000001111101111000000000
0000000001110011110000000000
0000000001110111110000000000
0000000001110111100000000000
0000000001111111100000000000
0000000001111111100000000000
0000000000111111100000000000
0000000000000111100000000000
0000000000000111000000000000
0000000000000111000000000000
0000000000000110000000000000
0000000000000110000000000000
0000000000000110000000000000
0000000000000111000000000000
0000000000000111000000000000
0000000000000111000000000000
0000000000000111000000000000
0000000000000000000000000000
