0000000000000000000000000000
0000000000000000000000000000
0000000000000000000000000000
0000000000000000000000000000
0000000000000000000000000000
0000000000000000000000000000
0000000000000000000000000000
0000000000001111100000000000
0000000000011111100000000000
0000000000111111111100000000
0000000001111111111100000000
0000000001111011111100000000
0000000011110011111100000000
0000000011111111111100000000
0000000011111111111100000000
0000000001111111111100000000
0000000000111000111000000000
0000000000000000111000000000
0000000000000000111000000000
0000000000000001110000000000
0000000000000001110000000000
0000000000000001110000000000
0000000000000001110000000000
0000000000000011110000000000
0000000000000011110000000000
0000000000000011110000000000
0000000000000011100000000000
0000000000000000000000000000
