0000000000000000000000000000
0000000000000000000000000000
0000000000000000000000000000
0000000000000000000000000000
0000000000000000000000000000
0000000000000000000000000000
0000000000000001111110000000
0000000000000111111110000000
0000000000001111101111000000
0000000000011111011111000000
0000000000111110111111000000
0000000000111100111110000000
0000000001111001111110000000
0000000001110011111000000000
0000000001111111111000000000
0000000001111111110000000000
0000000000111111110000000000
0000000000000111100000000000
0000000000000111100000000000
0000000000011111000000000000
0000000000011110000000000000
0000000000111110000000000000
0000000001111100000000000000
0000000001111000000000000000
0000000011110000000000000000
0000000001110000000000000000
0000000000000000000000000000
0000000000000000000000000000
