0000000000000000000000000000
0000000000000000000000000000
0000000000000000000000000000
0000000000000000000000000000
0000000000000000000000000000
0000000000000000000000000000
0000000000000000000000000000
0000000000000011111000000000
0000000001111011111100000000
0000000011111111111100000000
0000000011111100011110000000
0000000111100100001110000000
0000000111000000111100000000
0000000110000001111100000000
0000000111000111111100000000
0000000111111111111100000000
0000000011111111011100000000
0000000000000000011000000000
0000000000000000011000000000
0000000000000000111000000000
0000000000000000111000000000
0000000000000000111000000000
0000000000000000111000000000
0000000000000001111000000000
0000000000000001110000000000
0000000000000001111000000000
0000000000000001111000000000
0000000000000000000000000000
