0000000000000000000000000000
0000000000000000000000000000
0000000000000000000000000000
0000000000000000000000000000
0000000000000000000000000000
0000000000000000000000000000
0000000000011111111000000000
0000000000011111111110000000
0000000000111100011110000000
0000000001111000001111000000
0000000001110000011111000000
0000000011110000011110000000
0000000011110000111110000000
0000000011111001111100000000
0000000001111111111000000000
0000000001111111110000000000
0000000000001111100000000000
0000000000000111100000000000
0000000000001111000000000000
0000000000001111000000000000
0000000000011110000000000000
0000000000011110000000000000
0000000000011110000000000000
0000000000011110000000000000
0000000000011110000000000000
0000000000011100000000000000
0000000000000000000000000000
0000000000000000000000000000
