0000000000000000000000000000
0000000000000000000000000000
0000000000000000000000000000
0000000000000000000000000000
0000000000000000000000000000
0000000000000000000000000000
0000000000000000000000000000
0000001100001111111001000000
0000001100011111111111100000
0000000000111111111111100000
0000000001111000011111100000
0000000001110001111101000000
0000000001110111111100000000
0000000001111111111000000000
0000000001111111111000000000
0000000000111111110001100000
0000000000000111100001100000
0000000000000111100001100000
0000000000000111000000000000
0000000000001111000000000000
0000000000011110000000000000
0000000000011110000000000000
0000000000011110000000000000
0000000000111100000000000000
0000000000111000000000000000
0000000000111000000000000000
0000000000111000000000000000
0000000000000000000000000000
