0000000000000000000000000000
0000000000000000000000000000
0000000000000000000000000000
0000000000000000000000000000
0000000000000000000000000000
0000000001111110000000000000
0000000001111111100000000000
0000000011110111100000000000
0000000111100000000000000000
0000000111000000111100000000
0000000111000000111100000000
0000000111000001111110000000
0000000111000011101110000000
0000000111000111101110000000
0000000111000111101110000000
0000000111111111001100000000
0000000111111110001100000000
0000000011111100011100000000
0000000000111000011100000000
0000000000000000011100000000
0000000000000000011100000000
0000000000000000111100000000
0000000000000000111100000000
0000000000000000111100000000
0000000000000000111100000000
0000000000000000000000000000
0000000000000000000000000000
0000000000000000000000000000
