0000000000000000000000000000
0000000000000000000000000000
0000000000000000000000000000
0000000000000000000000000000
0000000000000000000000000000
0000000000000000000000000000
0000000000111111000000000000
0000000000111111110000000000
0000000001111111111000000000
0000000001110000111000000000
0000000011110000011100000000
0000000011100000111100000000
0000000011100001111100000000
0000000011000001111000000000
0000000011000001111000000000
0000000011101111111000000000
0000000011111111111000000000
0000000011111111011000000000
0000000000010000011000000000
0000000000000000011100000000
0000000000000000011100000000
0000000000000000011000000000
0000000000000000011000000000
0000000000000000011100000000
0000000000000000011100000000
0000000000000000011100000000
0000000000000000000000000000
0000000000000000000000000000
