0000000000000000000000000000
0000000000000000000000000000
0000000000000000000000000000
0000000000000000000000000000
0000000000000000000000000000
0000000000000000000000000000
0000000001111110000000000000
0000000011111111000000000000
0000000011111111100000000000
0000000111100111100000000000
0000000111100011100000000000
0000000111000001110000000000
0000000111000001111000000000
0000000111000001111000000000
0000000111000001111000000000
0000000111000001111000000000
0000000111100001111000000000
0000000011111111111000000000
0000000011111111111100000000
0000000001111111111100000000
0000000000011111011100000000
0000000000000000001110000000
0000000000000000001110000000
0000000000000000001110000000
0000000000000000001110000000
0000000000000000001110000000
0000000000000000000000000000
0000000000000000000000000000
