0000000000000000000000000000
0000000000000000000000000000
0000000000000000000000000000
0000000000000000000000000000
0000000000000000000000000000
0000000000000000000000000000
0000000000011111100000000000
0000000000111111110000000000
0000000001111101111000000000
0000000011110000111000000000
0000000111100000110000000000
0000000111000001111000000000
0000000110000001111000000000
0000000110000001110000000000
0000000110000111111000000000
0000000110000111111000000000
0000000111111110111000000000
0000000011111100111000000000
0000000001111000111000000000
0000000000000000111000000000
0000000000000000111000000000
0000000000000000011000000000
0000000000000000011000000000
0000000000000000011000000000
0000000000000000111000000000
0000000000000000111000000000
0000000000000000000000000000
0000000000000000000000000000
