0000000000000000000000000000
0000000000000000000000000000
0000000000000000000000000000
0000000000000000000000000000
0000000000000000000000000000
0000000000000000000000000000
0000000000000011111100000000
0000000000011111111100000000
0000000000111111111100000000
0000000011111111111111110000
0000000111111111111111110000
0000001111111111111111110000
0000011111110001111111100000
0000111111100001111111100000
0000111110000011111111000000
0000111100000011111111000000
0000111110011111111110000000
0000111111111111111110000000
0000111111111111111100000000
0000011111111111111100000000
0000000011110011111000000000
0000000000000011111000000000
0000000000000011111000000000
0000000000000011111000000000
0000000000000011111000000000
0000000000000011110000000000
0000000000000000000000000000
0000000000000000000000000000
