0000000000000000000000000000
0000000000000000000000000000
0000000000000000000000000000
0000000000000000000000000000
0000000000000000000000000000
0000000000000000000000000000
0000000000011111111000000000
0000000001111111111100000000
0000000011111111111100000000
0000000111111111011100000000
0000000111111000011100000000
0000001111100000011100000000
0000001111100000111110000000
0000001111110111111100000000
0000001111111111111100000000
0000000111111111111100000000
0000000011111111011100000000
0000000000000000011100000000
0000000000000000011100000000
0000000000000000011100000000
0000000000000000011110000000
0000000000000000011110000000
0000000000000000011110000000
0000000000000000011110000000
0000000000000000011111000000
0000000000000000001111000000
0000000000000000000000000000
0000000000000000000000000000
