0000000000000000000000000000
0000000000000000000000000000
0000000000000000000000000000
0000000000000000000000000000
0000000000000000000000000000
0000000000000000000000000000
0000000000011111100000000000
0000000000111111110000000000
0000000000111111110000000000
0000000001111011111000000000
0000000001111011111000000000
0000000001110011111000000000
0000000001110011111000000000
0000000001111011111000000000
0000000001111111111000000000
0000000000111111110000000000
0000000000011111110000000000
0000000000000011110000000000
0000000000000001110000000000
0000000000000001110000000000
0000000000000000110000000000
0000000000000001110000000000
0000000000000001110000000000
0000000000111111110000000000
0000000001111111100000000000
0000000001111111000000000000
0000000000000000000000000000
0000000000000000000000000000
