0000000000000000000000000000
0000000000000000000000000000
0000000000000000000000000000
0000000000000000000000000000
0000000000000000000000000000
0000000000000000000000000000
0000000000001111111000000000
0000000000011111111000000000
0000000000111111101100000000
0000000011111110111110000000
0000000011111000111110000000
0000000111110001111100000000
0000011111100011111100000000
0000011111000111111100000000
0000111110011111111100000000
0000011100111111111100000000
0000011111111110111100000000
0000011111111000111100000000
0000001111110000111100000000
0000001111100000111100000000
0000000000000000111100000000
0000000000000000111100000000
0000000000000000111100000000
0000000000000000111100000000
0000000000000000111100000000
0000000000000000111100000000
0000000000000000000000000000
0000000000000000000000000000
