0000000000000000000000000000
0000000000000000000000000000
0000000000000000000000000000
0000000000000000000000000000
0000000000000000000000000000
0000000000001111110000000000
0000000000111111110000000000
0000000011111111111000000000
0000000011111111111000000000
0000000111100111111000000000
0000000111100111111000000000
0000001111101111111000000000
0000001111111111111000000000
0000001111111111111000000000
0000001111111111111000000000
0000000111111011111100000000
0000000000000011111100000000
0000000000000011111100000000
0000000000000111111100000000
0000000000000111111000000000
0000000000000111111000000000
0000000000000011111100000000
0000000000000011111100000000
0000000000000111111100000000
0000000000000001111100000000
0000000000000000000000000000
0000000000000000000000000000
0000000000000000000000000000
