0000000000000000000000000000
0000000000000000000000000000
0000000000000000000000000000
0000000000000000000000000000
0000000000000000000000000000
0000000000000000000000000000
0000000000000000000000000000
0000000000111111100000000000
0000000011111111110000000000
0000001111111111110000000000
0000011111100001110110000000
0000011111000001111110000000
0000011100000001101110000000
0000011100000001101110000000
0000011110000001111110000000
0000011111100111111110000000
0000011111111111111110000000
0000000111111111011110000000
0000000000100000011100000000
0000000000000000011100000000
0000000000000000011100000000
0000000000000000011100000000
0000000000000000011100000000
0000000000000000011100000000
0000000000000000011100000000
0000000000000000001110000000
0000000000000000001110000000
0000000000000000000000000000
