0000000000000000000000000000
0000000000000000000000000000
0000000000000000000000000000
0000000000000000000000000000
0000000000000000000000000000
0000000000000000000000000000
0000000000000011111110000000
0000000000001111111110000000
0000000000011111111111000000
0000000000111110001111000000
0000000000111100001110000000
0000000001111000011110000000
0000000001110000111110000000
0000000001111111111110000000
0000000001111111111110000000
0000000001111111111100000000
0000000000011111111000000000
0000000000000111110000000000
0000000000001111100000000000
0000000000001111000000000000
0000000000011111000000000000
0000000000111110000000000000
0000000001111110000000000000
0000000011111100000000000000
0000000011111000000000000000
0000000011110000000000000000
0000000000000000000000000000
0000000000000000000000000000
