0000000000000000000000000000
0000000000000000000000000000
0000000000000000000000000000
0000000000000000000000000000
0000000000000000000000000000
0000000000000000000000000000
0000000000001111111000000000
0000000000111111111000000000
0000000001111111111110000000
0000000011111111111110000000
0000000111110000011111000000
0000001111110000111111000000
0000001111100000111111000000
0000001111100000111111000000
0000001111110000111110000000
0000001111111101111110000000
0000001111111111111100000000
0000000111111111111100000000
0000000011111111111100000000
0000000000111100111100000000
0000000000000000111100000000
0000000000000000111100000000
0000000000000000111100000000
0000000000000000111100000000
0000000000000000111100000000
0000000000000000111100000000
0000000000000000000000000000
0000000000000000000000000000
