0000000000000000000000000000
0000000000000000000000000000
0000000000000000000000000000
0000000000000000000000000000
0000000000000000000000000000
0000000000000000000000000000
0000000000000001111111000000
0000000000000111111111100000
0000000000011111111111100000
0000000001111111110111110000
0000000011111110001111110000
0000000111111100011111110000
0000000111110000111111100000
0000001111100001111111100000
0000001111000011111111000000
0000001111001111111110000000
0000001111111111111000000000
0000001111111111100000000000
0000000011111111000000000000
0000000000111110000000000000
0000000000111110000000000000
0000000001111100000000000000
0000000011111100000000000000
0000000011111000000000000000
0000000011110000000000000000
0000000011110000000000000000
0000000000000000000000000000
0000000000000000000000000000
