0000000000000000000000000000
0000000000000000000000000000
0000000000000000000000000000
0000000000000000000000000000
0000000000000000000000000000
0000000000111111111110000000
0000000001111111111110000000
0000000111111111111111000000
0000000111111110011111000000
0000000111111100000111000000
0000000111111000001111000000
0000000111110000001110000000
0000000111110000001110000000
0000000111110000000100000000
0000000111111000001100000000
0000000111111000011110000000
0000000011111111111110000000
0000000000111111111110000000
0000000000011111111110000000
0000000000000111111110000000
0000000000001111111000000000
0000000000011111110000000000
0000000000011111100000000000
0000000000111111100000000000
0000000000111111000000000000
0000000000000000000000000000
0000000000000000000000000000
0000000000000000000000000000
