0000000000000000000000000000
0000000000000000000000000000
0000000000000000000000000000
0000000000000000000000000000
0000000000000000000000000000
0000000000000000000000000000
0000000000000000000000000000
0000000000000011111110000000
0000000000000111111111000000
0000000000001111000011000000
0000000000011110011100000000
0000000000011100011100000000
0000000000111100111100000000
0000000000111001111000000000
0000000000111111111000000000
0000000000011111110000000000
0000000000000011100000000000
0000000000000111100000000000
0000000000000111000000000000
0000000000001111000000000000
0000000000001110000000000000
0000000000011110000000000000
0000000000011100000000000000
0000000000111100000000000000
0000000001111000000000000000
0000000001111000000000000000
0000000001110000000000000000
0000000000000000000000000000
