0000000000000000000000000000
0000000000000000000000000000
0000000000000000000000000000
0000000000000000000000000000
0000000000000000000000000000
0000000000000000000000000000
0000000000001111110000000000
0000000000111111111011100000
0000000011111111111111100000
0000000011111000111111100000
0000001111110000111111000000
0000001111000000111111000000
0000011110000001111110000000
0000011110000011111110000000
0000011110011111111100000000
0000011111111111111100000000
0000011111111111111000000000
0000001111111101111000000000
0000000000000011111000000000
0000000000000011110000000000
0000000000000011110000000000
0000000000000111100000000000
0000000000000111100000000000
0000000000001111100000000000
0000000000001111100000000000
0000000000001111000000000000
0000000000000000000000000000
0000000000000000000000000000
