0000000000000000000000000000
0000000000000000000000000000
0000000000000000000000000000
0000000000000000000000000000
0000000000000000000000000000
0000000000000011100000000000
0000000000001111100000000000
0000000000001111100000000000
0000000000011101110000000000
0000000000111000110000000000
0000000000111001111000000000
0000000000110011111000000000
0000000001110011111000000000
0000000001100011111000000000
0000000001100011110000000000
0000000001100011110000000000
0000000001100111110000000000
0000000001111111110000000000
0000000001111110110000000000
0000000001110000110000000000
0000000000000000110000000000
0000000000000000110000000000
0000000000000001110000000000
0000000000000001110000000000
0000000000000000110000000000
0000000000000000000000000000
0000000000000000000000000000
0000000000000000000000000000
