0000000000000000000000000000
0000000000000000000000000000
0000000000000000000000000000
0000000000000000000000000000
0000000000000000000000000000
0000000000000000000000000000
0000000000000011110000000000
0000000000111111111100000000
0000000111111111111110000000
0000001111111111111111100000
0000011111111111111111100000
0000111111111011111111100000
0000111111110011111111100000
0000111111111111111111110000
0000111111111111110011110000
0000111111111111000001110000
0000111111111000000011110000
0000011110110000000011110000
0000000000000000000111110000
0000000011000000011111100000
0000000111000000111111100000
0000000111111111111111000000
0000000111111111111111000000
0000000001111111111100000000
0000000000011111100000000000
0000000000000000000000000000
0000000000000000000000000000
0000000000000000000000000000
