0000000000000000000000000000
0000000000000000000000000000
0000000000000000000000000000
0000000000000000000000000000
0000000000000000000000000000
0000000000000000000000000000
0000000000111111100000000000
0000000001111111110000000000
0000000011111111110000000000
0000000111111111110000000000
0000000111100000110000000000
0000001111000001111000000000
0000001111000001111000000000
0000001111000011111100000000
0000000111000111111100000000
0000000111111111111100000000
0000000111111111111100000000
0000000011111111111100000000
0000000001111110111100000000
0000000000000000111100000000
0000000000000000111100000000
0000000000000000111100000000
0000000000000000111100000000
0000000000000000111100000000
0000000000000000111100000000
0000000000000000111100000000
0000000000000000000000000000
0000000000000000000000000000
