0000000000000000000000000000
0000000000000000000000000000
0000000000000000000000000000
0000000000000000000000000000
0000000000000000000000000000
0000000000000000000000000000
0000000000011111111000000000
0000000000111111111000000000
0000000001111000011100000000
0000000001110000001100000000
0000000011100000001100000000
0000000011100000000000000000
0000000011100000000100000000
0000000011000000011100000000
0000000011000000011100000000
0000000011100000111000000000
0000000011110011110000000000
0000000001111111110000000000
0000000000111111110000000000
0000000000000001110000000000
0000000000000001110000000000
0000000000000001110000000000
0000000000000001110000000000
0000000000000001110000000000
0000000000000001110000000000
0000000000000001110000000000
0000000000000000000000000000
0000000000000000000000000000
