0000000000000000000000000000
0000000000000000000000000000
0000000000000000000000000000
0000000000000000000000000000
0000000000000000000000000000
0000000000000000000000000000
0000000001111111111000000000
0000000011111111111100000000
0000001111111111111100000000
0000001111111111111100000000
0000011111111000111110000000
0000011111100000111110000000
0000011111100001111110000000
0000001111111111111100000000
0000001111111111111100000000
0000000111111111111100000000
0000000011111111111100000000
0000000000110001111100000000
0000000000000011111100000000
0000000000000011111100000000
0000000000000011111000000000
0000000000000011111000000000
0000000000000011111000000000
0000000000000011111000000000
0000000000000011111000000000
0000000000000011111000000000
0000000000000000000000000000
0000000000000000000000000000
