0000000000000000000000000000
0000000000000000000000000000
0000000000000000000000000000
0000000000000000000000000000
0000000000000000000000000000
0000000000000000000000000000
0000000000111111110000000000
0000000001111111110000000000
0000000011111111111000000000
0000000111111000111000000000
0000001111100000011100000000
0000001110000000011100000000
0000001110000000011100000000
0000001100000000111100000000
0000001100000011111000000000
0000001111000111111000000000
0000000111111111111000000000
0000000011110000111000000000
0000000000000000111000000000
0000000000000000111000000000
0000000000000000111000000000
0000000000000000111000000000
0000000000000000111000000000
0000000000000000111000000000
0000000000000000111000000000
0000000000000000111000000000
0000000000000000000000000000
0000000000000000000000000000
