0000000000000000000000000000
0000000000000000000000000000
0000000000000000000000000000
0000000000000000000000000000
0000000000000000000000000000
0000000000000000000000000000
0000000000000011111000000000
0000000000001111111100000000
0000000000111111111100000000
0000000000111100001110000000
0000000001111000001110000000
0000000011110000011110000000
0000000011100000011100000000
0000000011000000011100000000
0000000011000000111100000000
0000000111000001111000000000
0000000011100011111000000000
0000000011111111111000000000
0000000011111111110000000000
0000000001111111110000000000
0000000000000000110000000000
0000000000000000110000000000
0000000000000000110000000000
0000000000000001110000000000
0000000000000000110000000000
0000000000000000110000000000
0000000000000000000000000000
0000000000000000000000000000
