0000000000000000000000000000
0000000000000000000000000000
0000000000000000000000000000
0000000000000000000000000000
0000000000000000000000000000
0000000000000000000000000000
0000000000011111111100000000
0000000000111111111100000000
0000000001111110011110000000
0000000011111000001110000000
0000000111100000001110000000
0000000111100000001110000000
0000000111000000011110000000
0000001110000000011110000000
0000001110000001111110000000
0000001110000001111100000000
0000001110000011111100000000
0000001111011111111100000000
0000000111111111111000000000
0000000011111101111000000000
0000000000000001110000000000
0000000000000011110000000000
0000000000000011110000000000
0000000000000011110000000000
0000000000000011100000000000
0000000000000011100000000000
0000000000000000000000000000
0000000000000000000000000000
