0000000000000000000000000000
0000000000000000000000000000
0000000000000000000000000000
0000000000000000000000000000
0000000000000000000000000000
0000000000000000000000000000
0000000000000000011110000000
0000000000000001111110000000
0000000000001111111000000000
0000000000011111100000000000
0000000011111110000111100000
0000000111111000001111100000
0000001111100000111111100000
0000011111000011111111000000
0000111110011111111111000000
0000111111111111011110000000
0000011111111000011110000000
0000000111100000111100000000
0000000000000001111000000000
0000000000000011110000000000
0000000000000111100000000000
0000000000001111100000000000
0000000000001111000000000000
0000000000011110000000000000
0000000000111100000000000000
0000000001111100000000000000
0000000000000000000000000000
0000000000000000000000000000
