0000000000000000000000000000
0000000000000000000000000000
0000000000000000000000000000
0000000000000000000000000000
0000000000000000000000000000
0000000000000000000000000000
0000000000000000000000000000
0000000000001111111000000000
0000000000111111111000000000
0000000101111111111000000000
0000000111111000011000000000
0000000111100000011000000000
0000000011100000111000000000
0000000011100000111000000000
0000000011110001111000000000
0000000011111111111000000000
0000000001111111111000000000
0000000000111111111000000000
0000000000000001111000000000
0000000000000001110000000000
0000000000000001110000000000
0000000000000001110000000000
0000000000000011100000000000
0000000000000011100000000000
0000000000000011100000000000
0000000000000111000000000000
0000000000000111000000000000
0000000000000000000000000000
