0000000000000000000000000000
0000000000000000000000000000
0000000000000000000000000000
0000000000000000000000000000
0000000000000000000000000000
0000000000011111111100000000
0000000001111111111110000000
0000000011111111111111000000
0000000011111111111111100000
0000000011111110111111100000
0000000111111100111111000000
0000001111110000111111000000
0000001111110001111110000000
0000011111100111111110000000
0000011111101111111110000000
0000011111011111111110000000
0000011111111111111110000000
0000011111111111111110000000
0000011111111110111110000000
0000001111111100111110000000
0000000011110000111110000000
0000000000000000111110000000
0000000000000000111110000000
0000000000000000111110000000
0000000000000000111110000000
0000000000000000000000000000
0000000000000000000000000000
0000000000000000000000000000
