0000000000000000000000000000
0000000000000000000000000000
0000000000000000000000000000
0000000000000000000000000000
0000000000000000000000000000
0000000000000000000000000000
0000000000000000000000000000
0000000011111111000000000000
0000000111111111100000000000
0000001111111111110000000000
0000011111111101111000000000
0000011111011110111100000000
0000011110011110011110000000
0000011100011110011110000000
0000011100011110001111000000
0000011100111110001111000000
0000011111111100001111000000
0000000111111100000111000000
0000000000110000000111000000
0000000000000000000111100000
0000000000000000000011100000
0000000000000000000011100000
0000000000000000000011100000
0000000000000000000011100000
0000000000000000000011100000
0000000000000000000011100000
0000000000000000000011100000
0000000000000000000000000000
