0000000000000000000000000000
0000000000000000000000000000
0000000000000000000000000000
0000000000000000000000000000
0000000000000000000000000000
0000000000000000000000000000
0000000000011111110000000000
0000000000111111111000000000
0000000001111111111000000000
0000000011111000011000000000
0000000011110000011000000000
0000000011100000111100000000
0000000011100001111100000000
0000000011111111111100000000
0000000011111111111100000000
0000000011111111111100000000
0000000000111110111100000000
0000000000000000111100000000
0000000000000001111000000000
0000000000000001111000000000
0000000000000001110000000000
0000000000000011110000000000
0000000000000011110000000000
0000000000000011100000000000
0000000000000011100000000000
0000000000000011100000000000
0000000000000000000000000000
0000000000000000000000000000
