0000000000000000000000000000
0000000000000000000000000000
0000000000000000000000000000
0000000000000000000000000000
0000000000000000000000000000
0000000000000000000000000000
0000000000000001111110000000
0000000000000011111110000000
0000000000000111101110000000
0000000000001111011100000000
0000000000011110011100000000
0000000000111100011100000000
0000000001110000111100000000
0000000001110001111100000000
0000000011100111111000000000
0000000011111111110000000000
0000000011111101110000000000
0000000000000011100000000000
0000000000000011100000000000
0000000000000111000000000000
0000000000000111000000000000
0000000000001110000000000000
0000000000011100000000000000
0000000000111100000000000000
0000000000111000000000000000
0000000001110000000000000000
0000000000000000000000000000
0000000000000000000000000000
