0000000000000000000000000000
0000000000000000000000000000
0000000000000000000000000000
0000000000000000000000000000
0000000000000000000000000000
0000000000000000000000000000
0000000000001111111100000000
0000000000011111111110000000
0000000000111111001110000000
0000000011111110000010000000
0000000111110000000111000000
0000000111110000011111000000
0000001111100000111111000000
0000001111000011111111000000
0000001110001111111110000000
0000001111111111111110000000
0000001111111110011110000000
0000000111111000111100000000
0000000000000000111100000000
0000000000000001111000000000
0000000000000001111000000000
0000000000000001111000000000
0000000000000011110000000000
0000000000000111100000000000
0000000000001111100000000000
0000000000001111000000000000
0000000000000000000000000000
0000000000000000000000000000
