0000000000000000000000000000
0000000000000000000000000000
0000000000000000000000000000
0000000000000000000000000000
0000000000000000000000000000
0000000000000000000000000000
0000000000000000000000000000
0000000000111111111100000000
0000000001111111111110000000
0000000011111100111110000000
0000000111110000111000000000
0000001111100001111100000000
0000001111000001111100000000
0000011110000011111100000000
0000011110000111111100000000
0000011110111111111100000000
0000011111111111111100000000
0000001111111000111100000000
0000000000000000111100000000
0000000000000000111100000000
0000000000000000111100000000
0000000000000000111100000000
0000000000000000011110000000
0000000000000000011110000000
0000000000000000001111000000
0000000000000000001111000000
0000000000000000000111000000
0000000000000000000000000000
