0000000000000000000000000000
0000000000000000000000000000
0000000000000000000000000000
0000000000000000000000000000
0000000000000000000000000000
0000000000000000000000000000
0000000000001111110000000000
0000000000011111111000000000
0000000000111100111100000000
0000000000111100011100000000
0000000001110000011100000000
0000000001110000111000000000
0000000001110000111000000000
0000000011100001110000000000
0000000011100011110000000000
0000000011111111110000000000
0000000001111111110000000000
0000000000111111110000000000
0000000000000001110000000000
0000000000000001110000000000
0000000000000011100000000000
0000000000000011100000000000
0000000000000011100000000000
0000000000000011100000000000
0000000000000011000000000000
0000000000000011000000000000
0000000000000000000000000000
0000000000000000000000000000
