0000000000000000000000000000
0000000000000000000000000000
0000000000000000000000000000
0000000000000000000000000000
0000000000000000000000000000
0000000111111000000000000000
0000000111111111000000000000
0000001111111111100000000000
0000011111111111100000000000
0000011111111111110000000000
0000011111111111111000000000
0000111111111111111110000000
0000111111111111111110000000
0000011111111111111110000000
0000011111111111111110000000
0000011111111111111110000000
0000001111111111111111000000
0000000111111111111111000000
0000000011111111111111100000
0000000000011000111111110000
0000000000000000011111110000
0000000000000000011111110000
0000000000000000011111110000
0000000000000000011111110000
0000000000000000011110000000
0000000000000000000000000000
0000000000000000000000000000
0000000000000000000000000000
