0000000000000000000000000000
0000000000000000000000000000
0000000000000000000000000000
0000000000000000000000000000
0000000000000000000000000000
0000000000000000000000000000
0000000000111111000000000000
0000000111111111110000000000
0000000111111111110000000000
0000001111111111100011000000
0000011111110000000111100000
0000011111000000111111100000
0000011110000001111111100000
0000011110000111111111000000
0000011111111111111111000000
0000011111111111001111000000
0000001111111110011110000000
0000000111111000011110000000
0000000000000000111110000000
0000000000000000111110000000
0000000000000000111110000000
0000000000000001111110000000
0000000000000001111100000000
0000000000000001111100000000
0000000000000001111100000000
0000000000000001111000000000
0000000000000000000000000000
0000000000000000000000000000
