0000000000000000000000000000
0000000000000000000000000000
0000000000000000000000000000
0000000000000000000000000000
0000000000000000000000000000
0000000000000000000000000000
0000000000111111100000000000
0000000011111111110000000000
0000000111111111110000000000
0000011111110001110000000000
0000011111100001100000000000
0000011111000000011110000000
0000011110000000111110000000
0000011111000001111110000000
0000011111000011111110000000
0000001111111111111110000000
0000000111111111111110000000
0000000000000000011110000000
0000000000000000011110000000
0000000000000000001110000000
0000000000000000001110000000
0000000000000000001110000000
0000000000000000001111000000
0000000000000000001111000000
0000000000000000000111000000
0000000000000000000111100000
0000000000000000000000000000
0000000000000000000000000000
