0000000000000000000000000000
0000000000000000000000000000
0000000000000000000000000000
0000000000000000000000000000
0000000000000000000000000000
0000000000000000000000000000
0000000000011111000000000000
0000000000111111100000000000
0000000001111111100000000000
0000000011110001110000000000
0000000011100001110000000000
0000000111000001110000000000
0000000111000011110000000000
0000000111111111111000000000
0000000011111111111000000000
0000000011111111111000000000
0000000000111110111000000000
0000000000000000111000000000
0000000000000000111000000000
0000000000000000111000000000
0000000000000000110000000000
0000000000000000110000000000
0000000000000000110000000000
0000000000000000111000000000
0000000000000000111000000000
0000000000000000111000000000
0000000000000000000000000000
0000000000000000000000000000
