0000000000000000000000000000
0000000000000000000000000000
0000000000000000000000000000
0000000000000000000000000000
0000000000000000000000000000
0000000000000000000000000000
0000000000000001111110000000
0000000000001111111110000000
0000000000001111111110000000
0000000000011111101110000000
0000000000111110001110000000
0000000001111100011110000000
0000000001111000111110000000
0000000011110001111100000000
0000000111100111111000000000
0000000111111111111000000000
0000000111111111111000000000
0000000111111101111000000000
0000000000000011110000000000
0000000000000111100000000000
0000000000000111100000110000
0000000000000111100000110000
0000000000001111000000110000
0000000000011111000000000000
0000000000011110000000000000
0000000000011110000000000000
0000000000000000000000000000
0000000000000000000000000000
