0000000000000000000000000000
0000000000000000000000000000
0000000000000000000000000000
0000000000000000000000000000
0000000000000000000000000000
0000000000000000000000000000
0000000000000000000000000000
0000000011111111100000000000
0000000111111111110000000000
0000000111110111110000000000
0000000111000111100000000000
0000001110000111100000000000
0000001110001111100000000000
0000001111001111110000000000
0000000111011111110000000000
0000000111111101111000000000
0000000011111001111000000000
0000000001000001111000000000
0000000000000000111100000000
0000000000000000111100000000
0000000000000000011100000000
0000000000000000011110000000
0000000000000000011110000000
0000000000000000011110000000
0000000000000000001111000000
0000000000000000001111000000
0000000000000000001111000000
0000000000000000000000000000
