0000000000000000000000000000
0000000000000000000000000000
0000000000000000000000000000
0000000000000000000000000000
0000000000000000000000000000
0000000000000000000000000000
0000000000011111111110000000
0000000001111111111110000000
0000000111111111111110000000
0000000111111111001110000000
0000000111100000001110000000
0000000111100000001110000000
0000000111111100001110000000
0000000011111111111110000000
0000000001111111111110000000
0000000000011111111110000000
0000000000000000011100000000
0000000000000000111100000000
0000000000000000111100000000
0000000000000011111000000000
0000000000001111110000000000
0000000000001111110000000000
0000000001111111100000000000
0000000011111111000000000000
0000000111111100000000000000
0000000011110000000000000000
0000000000000000000000000000
0000000000000000000000000000
