0000000000000000000000000000
0000000000000000000000000000
0000000000000000000000000000
0000000000000000000000000000
0000000000000000000000000000
0000000000000000000000000000
0000000000000000000000000000
0000000000011111111000000000
0000000001111111111110000000
0000000011111111111111100000
0000000111110000011111100000
0000000011100000011111000000
0000000011100000011110000000
0000000011100000111110000000
0000000011100011111110000000
0000000011111111111110000000
0000000011111111111000000000
0000000000111111110000000000
0000000000001111100000000000
0000000000001111000000000000
0000000000011110000000000000
0000000000111110000000000000
0000000000111100000000000000
0000000000111000000000000000
0000000001111000000000000000
0000000011111000000000000000
0000000011110000000000000000
0000000000000000000000000000
