0000000000000000000000000000
0000000000000000000000000000
0000000000000000000000000000
0000000000000000000000000000
0000000000000000000000000000
0000000000000000000000000000
0000000000000111111111100000
0000000000011111111111100000
0000000000111111001111110000
0000000001111110000011110000
0000000011111100001111110000
0000000111111100111111100000
0000001111110001111111100000
0000011111000111111111000000
0000011110001111111110000000
0000111100111111111100000000
0000111111111110111100000000
0000111111111001111000000000
0000011111100011110000000000
0000011100000111110000000000
0000000000001111100000000000
0000000000011111000000000000
0000000000111111000000000000
0000000001111110000000000000
0000000011111100000000000000
0000000111111000000000000000
0000000000000000000000000000
0000000000000000000000000000
