0000000000000000000000000000
0000000000000000000000000000
0000000000000000000000000000
0000000000000000000000000000
0000000000000000000000000000
0000000000000000000000000000
0000000000000111111100000000
0000000000001111111100000000
0000000000111111111100000000
0000000000111111011110000000
0000000001111110011110000000
0000000001111000111110000000
0000000001110001111100000000
0000000001110111111100000000
0000000001111111111000000000
0000000001111111111000000000
0000000000111111110000000000
0000000000011111110000000000
0000000000001111100000000000
0000000000001111100000000000
0000000000001111000000000000
0000000000011111000000000000
0000000000011110000000000000
0000000000111110000000000000
0000000000111100000000000000
0000000000111100000000000000
0000000000000000000000000000
0000000000000000000000000000
