0000000000000000000000000000
0000000000000000000000000000
0000000000000000000000000000
0000000000000000000000000000
0000000000000000000000000000
0000000000000000000000000000
0000000000000000000000000000
0000000000001111100000000000
0000000000011111101100000000
0000000000111101101110000000
0000000000111001111110000000
0000000001111001111100000000
0000000001110001111000000000
0000000001110011111000000000
0000000001111111110000000000
0000000000111111100000000000
0000000000111111100000000000
0000000000000111000000000000
0000000000000111000000000000
0000000000001110000000000000
0000000000001110000000000000
0000000000001110000000000000
0000000000001110000000000000
0000000000011100000000000000
0000000000011100000000000000
0000000000011100000000000000
0000000000111000000000000000
0000000000000000000000000000
