0000000000000000000000000000
0000000000000000000000000000
0000000000000000000000000000
0000000000000000000000000000
0000000000000000000000000000
0000000000000000000000000000
0000000000000001111110000000
0000000000000111111110000000
0000000000001111000111100000
0000000000011110000011100000
0000000001111100000111000000
0000000001111000000111000000
0000000011110000001110000000
0000000011100000011110000000
0000000111000001111100000000
0000000111001111111100000000
0000000111111111111000000000
0000000011111000111000000000
0000000000000000111000000000
0000000000000001110000000000
0000000000000001110000000000
0000000000000011110000000000
0000000000000011100000000000
0000000000000011100000000000
0000000000000011100000000000
0000000000000011000000000000
0000000000000000000000000000
0000000000000000000000000000
