0000000000000000000000000000
0000000000000000000000000000
0000000000000000000000000000
0000000000000000000000000000
0000000000000000000000000000
0000000000000000000000000000
0000000001111110000000000000
0000000111111111011100000000
0000001111111111111110000000
0000001111001111111110000000
0000011100000111111110000000
0000011100000000111111000000
0000011100000000111110000000
0000011111000000111110000000
0000011111111111111110000000
0000001111111111111111000000
0000001111111111111111000000
0000000001111110001111100000
0000000000000000000111100000
0000000000000000000011100000
0000000000000000000011100000
0000000000000000000011100000
0000000000000000000111100000
0000000000000111111111000000
0000000000001111111110000000
0000000000001111111100000000
0000000000000000000000000000
0000000000000000000000000000
