0000000000000000000000000000
0000000000000000000000000000
0000000000000000000000000000
0000000000000000000000000000
0000000000000000000000000000
0000000000000000000000000000
0000000000000111110000000000
0000000000001111111000000000
0000000000011111111000000000
0000000000111111111000000000
0000000000111101111000000000
0000000000111001111000000000
0000000001111001111000000000
0000000001111111111000000000
0000000001111111111000000000
0000000001111111111000000000
0000000001111111111000000000
0000000000111111111000000000
0000000000000001110000000000
0000000000000001110000000000
0000000000000001110000000000
0000000000000001110000000000
0000000000000001110000000000
0000000000000001111000000000
0000000000000001111000000000
0000000000000001110000000000
0000000000000000000000000000
0000000000000000000000000000
