0000000000000000000000000000
0000000000000000000000000000
0000000000000000000000000000
0000000000000000000000000000
0000000000000000000000000000
0000000000000000000000000000
0000000000001111111100000000
0000000000011111111110000000
0000000001111111111111000000
0000000001111111111111110000
0000000011111100001111110000
0000000011110000000001110000
0000000011110000000111110000
0000000011100000011111100000
0000000011110000111111100000
0000000011111100111111100000
0000000001111111111111000000
0000000000111111111110000000
0000000000011111111100000000
0000000000001111110000000000
0000000000011111100000000000
0000000000011111000000000000
0000000000111111000000000000
0000000001111110000000000000
0000000011111100000000000000
0000000011111000000000000000
0000000000000000000000000000
0000000000000000000000000000
