0000000000000000000000000000
0000000000000000000000000000
0000000000000000000000000000
0000000000000000000000000000
0000000000000000000000000000
0000000000000000000000000000
0000000000111111100000000000
0000000001111111100000000000
0000000011111001110000000000
0000000011100000110000000000
0000000011000001110000000000
0000000011000001110000000000
0000000011000011110000000000
0000000011000011110000000000
0000000011100111110000000000
0000000011111111110000000000
0000000011111111110000000000
0000000001111111110000000000
0000000000000000110000000000
0000000000000000110000000000
0000000000000000111000000000
0000000000000000111000000000
0000000000000000111100000000
0000000000000000111100000000
0000000000000000011100000000
0000000000000000001100000000
0000000000000000000000000000
0000000000000000000000000000
