0000000000000000000000000000
0000000000000000000000000000
0000000000000000000000000000
0000000000000000000000000000
0000000000000000000000000000
0000000000000000000000000000
0000000000000000000000000000
0000000001111111000000000000
0000000111111111111110000000
0000001111111111111110000000
0000001111000001111110000000
0000001110000001111110000000
0000011110000001111110000000
0000011100000001111100000000
0000011110000011111110000000
0000001111001111111110000000
0000001111111111111110000000
0000000111111110011110000000
0000000111111000001110000000
0000000000000000001111000000
0000000000000000001111000000
0000000000000000000111000000
0000000000000000001111000000
0000000000000000000111100000
0000000000000000000111100000
0000000000000000000111000000
0000000000000000000111000000
0000000000000000000000000000
