0000000000000000000000000000
0000000000000000000000000000
0000000000000000000000000000
0000000000000000000000000000
0000000000000000000000000000
0000000000000000000000000000
0000000000000111111111000000
0000000000000111111111000000
0000000000011111111111000000
0000000000111111011111000000
0000000000111110111110000000
0000000001111101111110000000
0000000001111111111100000000
0000000001111111111100000000
0000000001111111111000000000
0000000000111111110000000000
0000000000000111100000000000
0000000000011111100000000000
0000000000011111000000000000
0000000000111111000000000000
0000000000111110000000000000
0000000001111100000000000000
0000000011111100000000000000
0000000111111000000000000000
0000000111110000000000000000
0000000111100000000000000000
0000000000000000000000000000
0000000000000000000000000000
