0000000000000000000000000000
0000000000000000000000000000
0000000000000000000000000000
0000000000000000000000000000
0000000000000000000000000000
0000000000000000000000000000
0000000000000000000000000000
0000000011111111000000000000
0000000011111111110000000000
0000000111000001110000000000
0000001110000000111000000000
0000001100000000011000000000
0000001100000000111100000000
0000001100000000111100000000
0000001100000001111100000000
0000001110000001111000000000
0000000111111111110000000000
0000000001111111110000000000
0000000000000000111000000000
0000000000000000011000000000
0000000000000000011000000000
0000000000000000011000000000
0000000000000000011000000000
0000000000000000011000000000
0000000000000000011100000000
0000000000000000011100000000
0000000000000000001100000000
0000000000000000000000000000
