0000000000000000000000000000
0000000000000000000000000000
0000000000000000000000000000
0000000000000000000000000000
0000000000000000000000000000
0000000000000000000000000000
0000000000000000000000000000
0000000000011111111111000000
0000000001111111111111100000
0000000011111111001111100000
0000000111111000001111000000
0000000111110000011110000000
0000000111000000111100000000
0000000111100001111100000000
0000000111110001111000000000
0000000011111111111000000000
0000000001111111110000000000
0000000000111011110000000000
0000000000000111110000000000
0000000000000111100000000000
0000000000000111100000000000
0000000000001111000000000000
0000000000001111000000000000
0000000000011111000000000000
0000000000011110000000000000
0000000000011110000000000000
0000000000011100000000000000
0000000000000000000000000000
