0000000000000000000000000000
0000000000000000000000000000
0000000000000000000000000000
0000000000000000000000000000
0000000000000000000000000000
0000000000000000000000000000
0000000000000111110000000000
0000000000011111110000000000
0000000000011110110000000000
0000000000111101110000000000
0000000001111001110000000000
0000000001110001110000000000
0000000011110011111000000000
0000000011100111111000000000
0000000011111111111000000000
0000000001111111111000000000
0000000001111100111000000000
0000000000000000111000000000
0000000000000001110000000000
0000000000000001110000000000
0000000000000001110000000000
0000000000000001110000000000
0000000000000001110000000000
0000000000000000111000000000
0000000000000000111000000000
0000000000000000111000000000
0000000000000000000000000000
0000000000000000000000000000
