0000000000000000000000000000
0000000000000000000000000000
0000000000000000000000000000
0000000000000000000000000000
0000000000000000000000000000
0000000000000000000000000000
0000000000000000011111100000
0000000000000001111111100000
0000000000000011111111100000
0000000000001111110001110000
0000000000111111000011110000
0000000001111110000011100000
0000000001111000111011000000
0000000001111011111100000000
0000000001111111111100000000
0000000001111111111000000000
0000000001111111110000000000
0000000000111111100000000000
0000000000001111100000000000
0000000000011111000000000000
0000000000111110000000000000
0000000001111100000000000000
0000000001111000000000000000
0000000011111000000000000000
0000000011110000000000000000
0000000011100000000000000000
0000000000000000000000000000
0000000000000000000000000000
