0000000000000000000000000000
0000000000000000000000000000
0000000000000000000000000000
0000000000000000000000000000
0000000000000000000000000000
0000000000000000000000000000
0000000000000000000000000000
0000000000011111111100000000
0000000000111111111100000000
0000000011111111111110000000
0000000011111000111110000000
0000000011110001111110000000
0000000111100011111110000000
0000000111111111111100000000
0000000111111111111000000000
0000000111111111111000000000
0000000011111101110000000000
0000000000000001110000000000
0000000000000011110000000000
0000000000000011100000000000
0000000000000111100000000000
0000000000000111100000000000
0000000000001111000000000000
0000000000001111000000000000
0000000000001111000000000000
0000000000001111000000000000
0000000000001110000000000000
0000000000000000000000000000
