0000000000000000000000000000
0000000000000000000000000000
0000000000000000000000000000
0000000000000000000000000000
0000000000000000000000000000
0000000000000000000000000000
0000000000000001111111000000
0000000000000111111111100000
0000000000001111110011100000
0000000000111111000011100000
0000000001111100000111100000
0000000001111000001111100000
0000000011110000111111000000
0000000011100011111110000000
0000000111101111111110000000
0000000111111111111100000000
0000000011111111111100000000
0000000000000011110000000000
0000000000000111100000000000
0000000000001111000000000000
0000000000011111000000000000
0000000000111110000000000000
0000000001111100000000000000
0000000011111000000000000000
0000000111100000000000000000
0000000111100000000000000000
0000000000000000000000000000
0000000000000000000000000000
