0000000000000000000000000000
0000000000000000000000000000
0000000000000000000000000000
0000000000000000000000000000
0000000000000000000000000000
0000000000000000000000000000
0000000000111110000000000000
0000000001111111011000000000
0000000011110111111100000000
0000000011100011111100000000
0000000111100001111000000000
0000000111000001111000000000
0000000111000011111100000000
0000001111000111111100000000
0000001111011111111000000000
0000000111111110111000000000
0000000111111100111000000000
0000000011110000111000000000
0000000000000000111000000000
0000000000000000111000000000
0000000000000001111000000000
0000000000000001110000000000
0000000000000001110000000000
0000000000000001110000000000
0000000000000001110000000000
0000000000000001110000000000
0000000000000000000000000000
0000000000000000000000000000
