0000000000000000000000000000
0000000000000000000000000000
0000000000000000000000000000
0000000000000000000000000000
0000000000000000000000000000
0000000000000000000000000000
0000000000000011111110000000
0000000000001111111111000000
0000000000011111111111100000
0000000000111111000111100000
0000000001111110001111000000
0000000011111100011111000000
0000000111110000111111000000
0000000111110001111111000000
0000000111110011111110000000
0000000011111111111100000000
0000000001111111111100000000
0000000000111111111000000000
0000000000001111110000000000
0000000000001111100000000000
0000000000001111100000000000
0000000000011111000000000000
0000000000011110000000000000
0000000000011110000000000000
0000000000011100000000000000
0000000000011110000000000000
0000000000000000000000000000
0000000000000000000000000000
