0000000000000000000000000000
0000000000000000000000000000
0000000000000000000000000000
0000000000000000000000000000
0000000000000000000000000000
0000000000000000000000000000
0000000000000000000000000000
0000000000111111111100000000
0000000001111111111110000000
0000000111111111111110000000
0000000111111111111110000000
0000001111111001111110000000
0000001111110111111100000000
0000000111111111111100000000
0000000111111111111100000000
0000000111111111111100000000
0000000000111011111000000000
0000000000000111111000000000
0000000000000111111000000000
0000000000001111110000000000
0000000000001111110000000000
0000000000001111100000000000
0000000000001111100000000000
0000000000011111000000000000
0000000000011111000000000000
0000000000011110000000000000
0000000000011110000000000000
0000000000000000000000000000
