0000000000000000000000000000
0000000000000000000000000000
0000000000000000000000000000
0000000000000000000000000000
0000000000000000000000000000
0000000000000000000000000000
0000000000000000000000000000
0000000000011111110000000000
0000000001111111111100000000
0000000111111111111110000000
0000001111111000111110000000
0000001111110000111111000000
0000001111100001111111000000
0000001111000011110111000000
0000001111001111110111000000
0000001110111111001111000000
0000001111111110001111000000
0000001111111000001110000000
0000000111100000011100000000
0000000000000000111100000000
0000000000000001111000000000
0000000000000001111000000000
0000000000000011110000000000
0000000000000111100000000000
0000000000001111000000000000
0000000000001111000000000000
0000000000011110000000000000
0000000000000000000000000000
