0000000000000000000000000000
0000000000000000000000000000
0000000000000000000000000000
0000000000000000000000000000
0000000000000000000000000000
0000000000000000000000000000
0000000000000000000000000000
0000000000111111000000000000
0000000001111111100000000000
0000000011111111110000000000
0000000011100011111000000000
0000000111100011111000000000
0000000111000111111000000000
0000000111001111111000000000
0000000111111111111000000000
0000000111111111110000000000
0000000111111101111000000000
0000000000000001110000000000
0000000000000001110000000000
0000000000000001110000000000
0000000000000001110000000000
0000000000000001110000000000
0000000000000001110000000000
0000000000000001110000000000
0000000000000001110000000000
0000000000000001110000000000
0000000000000001110000000000
0000000000000000000000000000
