0000000000000000000000000000
0000000000000000000000000000
0000000000000000000000000000
0000000000000000000000000000
0000000000000000000000000000
0000000000000000000000000000
0000000000011111111000000000
0000000001111111111000000000
0000000001111111111100000000
0000000001111101111100000000
0000000011110001111100000000
0000000011110001111100000000
0000000011100001111100000000
0000000011100001111100000000
0000000011111111111100000000
0000000011111111111000000000
0000000001111111111000000000
0000000001111111111000000000
0000000000011011111000000000
0000000000000011111000000000
0000000000000011111000000000
0000000000000011111000000000
0000000000000011111000000000
0000000000000011111000000000
0000000000000011111000000000
0000000000000011111000000000
0000000000000000000000000000
0000000000000000000000000000
