0000000000000000000000000000
0000000000000000000000000000
0000000000000000000000000000
0000000000000000000000000000
0000000000000000000000000000
0000000000000000000000000000
0000000000000000000000000000
0000000000011111000000000000
0000000001111111111100000000
0000000011111111111100000000
0000000011110001111100000000
0000000111100011111100000000
0000000111001111111100000000
0000000111011111111100000000
0000000111111110111100000000
0000000011111000111000000000
0000000000000001111000000000
0000000000000001111000000000
0000000000000001110000000000
0000000000000001110000000000
0000000000000011110000000000
0000000000000011110000000000
0000000000000011110000000000
0000000000000011110000000000
0000000000000001111000000000
0000000000000001111100000000
0000000000000001111000000000
0000000000000000000000000000
