0000000000000000000000000000
0000000000000000000000000000
0000000000000000000000000000
0000000000000000000000000000
0000000000000000000000000000
0000000000000000000000000000
0000000000000000111000000000
0000000000000011111000000000
0000000000000111110000000000
0000000000001111100000000000
0000000000111100011100000000
0000000001111000111100000000
0000000001110001111100000000
0000000011110011111000000000
0000000011100111111000000000
0000000011111111111000000000
0000000011111101100000000000
0000000001110011100000000000
0000000000000011100000000000
0000000000000011000000000000
0000000000000111000000000000
0000000000000111000000000000
0000000000000110000000000000
0000000000000110000000000000
0000000000000110000000000000
0000000000000110000000000000
0000000000000000000000000000
0000000000000000000000000000
