0000000000000000000000000000
0000000000000000000000000000
0000000000000000000000000000
0000000000000000000000000000
0000000000000000000000000000
0000000000000000000000000000
0000000000000000011111000000
0000000000000001111111000000
0000000000000011111111100000
0000000000001111111111000000
0000000000011111110111000000
0000000000111111001111000000
0000000001111110111111000000
0000000001111011111111000000
0000000011111111111110000000
0000000011111111111100000000
0000000011111111111000000000
0000000111111111111000000000
0000000011111111110000000000
0000000000011111100000000000
0000000000111111000000000000
0000000001111110000000000000
0000000011111100000000000000
0000000111111000000000000000
0000000111110000000000000000
0000000111000000000000000000
0000000000000000000000000000
0000000000000000000000000000
