0000000000000000000000000000
0000000000000000000000000000
0000000000000000000000000000
0000000000000000000000000000
0000000000000000000000000000
0000000000000111110000000000
0000000000001111110000000000
0000000000111111110000000000
0000000000111111110000000000
0000000001111100111000000000
0000000011111000111000000000
0000000011110000111000000000
0000000011100000111000000000
0000000111100001111000000000
0000000111000011111100000000
0000000111111111111100000000
0000000011111111111100000000
0000000001111100111100000000
0000000000000000111100000000
0000000000000000011100000000
0000000000000000111100000000
0000000000000000111100000000
0000000000000000011100000000
0000000000000000111100000000
0000000000000000111100000000
0000000000000000000000000000
0000000000000000000000000000
0000000000000000000000000000
