0000000000000000000000000000
0000000000000000000000000000
0000000000000000000000000000
0000000000000000000000000000
0000000000000000000000000000
0000000000000011111111000000
0000000000000111111111000000
0000000000000111111111100000
0000000000001111100111100000
0000000000011111001111100000
0000000000111110001111000000
0000000000111100011110000000
0000000001111100011110000000
0000000011111000111110000000
0000000011110001111100000000
0000000111100011111000000000
0000000111111111111000000000
0000000111111111110000000000
0000000111111111110000000000
0000000011111111100000000000
0000000000000111000000000000
0000000000000111000000000000
0000000000001111000000000000
0000000000001110000000000000
0000000000001110000000000000
0000000000000000000000000000
0000000000000000000000000000
0000000000000000000000000000
