0000000000000000000000000000
0000000000000000000000000000
0000000000000000000000000000
0000000000000000000000000000
0000000000000000000000000000
0000000000000000000000000000
0000000000011111111000000000
0000000000111111111000000000
0000000001111111111000000000
0000000011111000111000000000
0000000011110000011110000000
0000000111100000001110000000
0000000111000000011110000000
0000000111000000111100000000
0000000111000001111100000000
0000000111111111111000000000
0000000011111111111000000000
0000000001111111111000000000
0000000000000011110000000000
0000000000000011110000000000
0000000000000011110000000000
0000000000000011100000000000
0000000000000111100000000000
0000000000000111100000000000
0000000000001111000000000000
0000000000001111000000000000
0000000000000000000000000000
0000000000000000000000000000
