0000000000000000000000000000
0000000000000000000000000000
0000000000000000000000000000
0000000000000000000000000000
0000000000000000000000000000
0000000000000000000000000000
0000000000011111111100000000
0000000000111111111100000000
0000000001111111111100000000
0000000001111111111100000000
0000000011111101111100000000
0000000011111001111100000000
0000000011110011111000000000
0000000011110011111000000000
0000000011110111111000000000
0000000011111111111000000000
0000000011111111111000000000
0000000011111111110000000000
0000000001111111110000000000
0000000000110011110000000000
0000000000000011110000000000
0000000000000111110000000000
0000000000000111110000000000
0000000000000111110000000000
0000000000000111110000000000
0000000000000011110000000000
0000000000000000000000000000
0000000000000000000000000000
