0000000000000000000000000000
0000000000000000000000000000
0000000000000000000000000000
0000000000000000000000000000
0000000000000000000000000000
0000000000000000000000000000
0000000000111100000000000000
0000000001111111000000000000
0000000001110111000000000000
0000000011100111000000000000
0000000011100011000000000000
0000000111000011000000000000
0000000111000011000000000000
0000000111000111110000000000
0000000111111111110000000000
0000000111111111110000000000
0000000000111100111000000000
0000000000000000111000000000
0000000000000000111000000000
0000000000000000111000000000
0000000000000000111000000000
0000000000000000011000000000
0000000000000000011100000000
0000000000000000011100000000
0000000000000000011110000000
0000000000000000011110000000
0000000000000000000000000000
0000000000000000000000000000
