0000000000000000000000000000
0000000000000000000000000000
0000000000000000000000000000
0000000000000000000000000000
0000000000000000000000000000
0000000000000000000000000000
0000000000111111111000000000
0000000001111111111100000000
0000000111111111111110000000
0000000111111000111110000000
0000001111100000111110000000
0000011111000000111110000000
0000011110000000111110000000
0000011100000001111110000000
0000011100000111111110000000
0000011100011111111110000000
0000011111111111111110000000
0000011111111111111110000000
0000011111111110011110000000
0000001111111100011110000000
0000000000000000011110000000
0000000000000000011110000000
0000000000000000011110000000
0000000000000000011110000000
0000000000000000011110000000
0000000000000000011110000000
0000000000000000000000000000
0000000000000000000000000000
