0000000000000000000000000000
0000000000000000000000000000
0000000000000000000000000000
0000000000000000000000000000
0000000000000000000000000000
0000000000000000000000000000
0000000000000000000000000000
0000000000001111110000000000
0000000000001111111100000000
0000000000111111111110000000
0000000000111111111111000000
0000000001111101111111000000
0000000001111111110000000000
0000000001111111110000000000
0000000011111111111000000000
0000000001111111111000000000
0000000001111111111000000000
0000000000000001110000000000
0000000000000001110000000000
0000000000000001110000000000
0000000000000001110000000000
0000000000000001110000000000
0000000000000001110000000000
0000000000000001110000000000
0000000000000011110000000000
0000000000000011100000000000
0000000000000011100000000000
0000000000000000000000000000
