0000000000000000000000000000
0000000000000000000000000000
0000000000000000000000000000
0000000000000000000000000000
0000000000000000000000000000
0000000000000000000000000000
0000000000011110000000000000
0000000000111111110000000000
0000000000111111110000000000
0000000001111111110000000000
0000000001111011110000000000
0000000001111011110000000000
0000000001110011110000000000
0000000001111111100000000000
0000000001111111100000000000
0000000001111111100000000000
0000000000111111100000000000
0000000000000011100000000000
0000000000000011100000000000
0000000000000011100000000000
0000000000000011100000000000
0000000000000011110000000000
0000000000000011110000000000
0000000000000011111000000000
0000000000000011111000000000
0000000000000001110000000000
0000000000000000000000000000
0000000000000000000000000000
