0000000000000000000000000000
0000000000000000000000000000
0000000000000000000000000000
0000000000000000000000000000
0000000000000000000000000000
0000000000000000000000000000
0000000000011111111000000000
0000000000111111111000000000
0000000000111100000000000000
0000000001111000000000000000
0000000001111000111000000000
0000000001110001111000000000
0000000011110001111100000000
0000000011110011111000000000
0000000011110111111000000000
0000000011111111111000000000
0000000001111111111000000000
0000000000011101110000000000
0000000000000001110000000000
0000000000000001110000000000
0000000000000001110000000000
0000000000000001110000000000
0000000000000001110000000000
0000000000000001110000000000
0000000000000000110000000000
0000000000000000110000000000
0000000000000000000000000000
0000000000000000000000000000
