0000000000000000000000000000
0000000000000000000000000000
0000000000000000000000000000
0000000000000000000000000000
0000000000000000000000000000
0000000000000000000000000000
0000000000000000000000000000
0000000000011111100111000000
0000000000111111111111000000
0000000011111111111111000000
0000000111111001111110000000
0000000111110001111110000000
0000001111100111111100000000
0000001111001111111100000000
0000001111111111111100000000
0000001111111111111000000000
0000000111111001111000000000
0000000000000001111000000000
0000000000000001110000000000
0000000000000001110000000000
0000000000000011110000000000
0000000000000011110000000000
0000000000000011110000000000
0000000000000011100000000000
0000000000000011100000000000
0000000000000011111000000000
0000000000000011111000000000
0000000000000000000000000000
