0000000000000000000000000000
0000000000000000000000000000
0000000000000000000000000000
0000000000000000000000000000
0000000000000000000000000000
0000000000000000000000000000
0000000000001111111100000000
0000000000011111111100000000
0000000000111111111110000000
0000000000111100011110000000
0000000000111000011110000000
0000000000111000111110000000
0000000000111111111100000000
0000000000111111111100000000
0000000000111111111000000000
0000000000001101111000000000
0000000000000011111000000000
0000000000000011110000000000
0000000000000111110000000000
0000000000001111100000000000
0000000000001111100000000000
0000000000011111000000000000
0000000000111110000000000000
0000000001111100000000000000
0000000001111000000000000000
0000000001110000000000000000
0000000000000000000000000000
0000000000000000000000000000
