0000000000000000000000000000
0000000000000000000000000000
0000000000000000000000000000
0000000000000000000000000000
0000000000000000000000000000
0000000000000000000000000000
0000000000000000011110000000
0000000000000001111110000000
0000000000000111111110000000
0000000000001111111110000000
0000000000011111011111000000
0000000000111110111111000000
0000000001111001111110000000
0000000001111011111100000000
0000000001111111111000000000
0000000001111111111000000010
0000000001111111100000000000
0000000000011111100000000000
0000000000011111000000000000
0000000000111110000000000000
0000000001111000000000000000
0000000011111000000000000000
0000000111100000000000000000
0000000111100000000000000000
0000000111000000000000000000
0000000110000000000000000000
0000000000000000000000000000
0000000000000000000000000000
