0000000000000000000000000000
0000000000000000000000000000
0000000000000000000000000000
0000000000000000000000000000
0000000000000000000000000000
0000000000000000000000000000
0000000000000000000000000000
0000000000011111111100000000
0000000001111111111110000000
0000000011111100011110000000
0000000011110000011110000000
0000000111100000011110000000
0000000111000000111100000000
0000000111000001111100000000
0000000110000011111100000000
0000000110000111111100000000
0000000111011111111100000000
0000000111111111111100000000
0000000011111100111100000000
0000000000000000111000000000
0000000000000000111000000000
0000000000000000111000000000
0000000000000000111000000000
0000000000000000111000000000
0000000000000000111000000000
0000000000000000111000000000
0000000000000000111000000000
0000000000000000000000000000
