0000000000000000000000000000
0000000000000000000000000000
0000000000000000000000000000
0000000000000000000000000000
0000000000000000000000000000
0000000000000000000000000000
0000000000000000000000000000
0000000000000011111110000000
0000000000111111111110000000
0000000001111111111110000000
0000000011111100011100000000
0000000111110000111100000000
0000000111100001111100000000
0000000111000111111100000000
0000000111111111111000000000
0000000111111111111000000000
0000000111111101110000000000
0000000000000011110000000000
0000000000000011110000000000
0000000000000011110000000000
0000000000000011100000000000
0000000000000111100000000000
0000000000000111100000000000
0000000000000111100000000000
0000000000001111000000000000
0000000000001111000000000000
0000000000011110000000000000
0000000000000000000000000000
