0000000000000000000000000000
0000000000000000000000000000
0000000000000000000000000000
0000000000000000000000000000
0000000000000000000000000000
0000000000011111110000000000
0000000001111111111000000000
0000000011111111111000000000
0000000011110000111000000000
0000000111110000111000000000
0000000111100000111100000000
0000000111100000111100000000
0000000111000000111110000000
0000001111000000111110000000
0000000111000000111110000000
0000000111111111111100000000
0000000111111111111100000000
0000000011111111111100000000
0000000001111010111100000000
0000000000000000111100000000
0000000000000000111100000000
0000000000000000111100000000
0000000000000000111100000000
0000000000000000011100000000
0000000000000000011100000000
0000000000000000000000000000
0000000000000000000000000000
0000000000000000000000000000
