0000000000000000000000000000
0000000000000000000000000000
0000000000000000000000000000
0000000000000000000000000000
0000000000000000000000000000
0000000000000000111111000000
0000000000000011111011000000
0000000000000111100011000000
0000000000001111000111000000
0000000000011110001111000000
0000000000111100011110000000
0000000001111000011110000000
0000000011111000111100000000
0000000011100001111000000000
0000000011100011110000000000
0000000011000111110000000000
0000000011111111100000000000
0000000011111111000000000000
0000000011111111000000000000
0000000000001110000000000000
0000000000001110000000000000
0000000000011110000000000000
0000000000011100000000000000
0000000000011110000000000000
0000000000011110000000000000
0000000000000000000000000000
0000000000000000000000000000
0000000000000000000000000000
