0000000000000000000000000000
0000000000000000000000000000
0000000000000000000000000000
0000000000000000000000000000
0000000000000000000000000000
0000000000000000000000000000
0000000000000011111110000000
0000000000011111111111100000
0000000001111111111111100000
0000000011111111100111100000
0000001111111100000111100000
0000001111110000001111100000
0000011111000000001111100000
0000011110000000111111000000
0000011110000001111111000000
0000011111111111111110000000
0000001111111111111100000000
0000001111111111111100000000
0000000001111101111000000000
0000000000000001111000000000
0000000000000001111000000000
0000000000000001111000000000
0000000000000001111000000000
0000000000000001111000000000
0000000000000001111000000000
0000000000000001111000000000
0000000000000000000000000000
0000000000000000000000000000
