0000000000000000000000000000
0000000000000000000000000000
0000000000000000000000000000
0000000000000000000000000000
0000000000000000000000000000
0000000000000000000000000000
0000000000001111111000000000
0000000000001111111100000000
0000000000011100011100000000
0000000000111100011100000000
0000000000111000011100000000
0000000001110000111000000000
0000000001110001111000000000
0000000001110001111000000000
0000000001100011110000000000
0000000011100011110000000000
0000000001111111110000000000
0000000001111111110000000000
0000000001111101110000000000
0000000000000001110000000000
0000000000000001110000000000
0000000000000001100000000000
0000000000000001100000000000
0000000000000001100000000000
0000000000000001110000000000
0000000000000001110000000000
0000000000000000000000000000
0000000000000000000000000000
