0000000000000000000000000000
0000000000000000000000000000
0000000000000000000000000000
0000000000000000000000000000
0000000000000000000000000000
0000000000000000000000000000
0000000000001111110000000000
0000000000111111111000000000
0000000000111111111000000000
0000000001111111111100000000
0000000011111000111100000000
0000000111110000011100000000
0000000111100000111100000000
0000000111100001111100000000
0000000111111111111100000000
0000000111111111111100000000
0000000111111111111000000000
0000000001111111111000000000
0000000000001101111000000000
0000000000000011111000000000
0000000000000011110000000000
0000000000000011110000000000
0000000000000111110000000000
0000000000001111110000000000
0000000000001111110000000000
0000000000001111000000000000
0000000000000000000000000000
0000000000000000000000000000
