0000000000000000000000000000
0000000000000000000000000000
0000000000000000000000000000
0000000000000000000000000000
0000000000000000000000000000
0000000000000000000000000000
0000000000000111110000000000
0000000000001111111000000000
0000000000011111111000000000
0000000000111100111000000000
0000000001111000111000000000
0000000001110000111000000000
0000000001110000111000000000
0000000001110001111000000000
0000000011110011110000000000
0000000001110111110000000000
0000000001111111110000000000
0000000001111111110000000000
0000000000011101110000000000
0000000000000001110000000000
0000000000000001110000000000
0000000000000001110000000000
0000000000000001100000000000
0000000000000001110000000000
0000000000000001110000000000
0000000000000001110000000000
0000000000000000000000000000
0000000000000000000000000000
