0000000000000000000000000000
0000000000000000000000000000
0000000000000000000000000000
0000000000000000000000000000
0000000000000000000000000000
0000000000000000000000000000
0000000000000011100000000000
0000000000000011100000000000
0000000000001111100000000000
0000000000011111100000000000
0000000001111111110000000000
0000000001111001111000000000
0000000011110001111000000000
0000000011100001111000000000
0000000011110011111000000000
0000000011111111111000000000
0000000001111111110000000000
0000000000111001110000000000
0000000000000001110000000000
0000000000000001110000000000
0000000000000001110000000000
0000000000000001110000000000
0000000000000001110000000000
0000000000000001110000000000
0000000000000001111000000000
0000000000000000111000000000
0000000000000000000000000000
0000000000000000000000000000
