0000000000000000000000000000
0000000000000000000000000000
0000000000000000000000000000
0000000000000000000000000000
0000000000000000000000000000
0000000000000000000000000000
0000000000000000000000000000
0000000001111111100000000000
0000000011111111110000000000
0000001111111111111000000000
0000001111100000111000000000
0000001110000000111000000000
0000001111000000011000000000
0000001111100000000011000000
0000001111111111111111000000
0000000011111111111111000000
0000000000111111111111000000
0000000000000000001111000000
0000000000000000011110000000
0000000000000000111110000000
0000000000000000111100000000
0000000000000000111100000000
0000000000000000111100000000
0000000000000000111000000000
0000000000000001111000000000
0000000000000001111000000000
0000000000000000111000000000
0000000000000000000000000000
