0000000000000000000000000000
0000000000000000000000000000
0000000000000000000000000000
0000000000000000000000000000
0000000000000000000000000000
0000000000000000000000000000
0000000000000000000000000000
0000000000011111111000000000
0000000001111111111000000000
0000000011110000011000000000
0000000111100000011100000000
0000001110000000111100000000
0000001110000000111000000000
0000001110000011111000000000
0000001111100111111000000000
0000000111111111011000000000
0000000001111000011000000000
0000000000000000011000000000
0000000000000000011000000000
0000000000000000011000000000
0000000000000000011000000000
0000000000000000011000000000
0000000000000000011100000000
0000000000000000011100000000
0000000000000000011100000000
0000000000000000011000000000
0000000000000000011000000000
0000000000000000000000000000
