0000000000000000000000000000
0000000000000000000000000000
0000000000000000000000000000
0000000000000000000000000000
0000000000000000000000000000
0000000000000000000000000000
0000000000011111110000000000
0000000001111111111000000000
0000000001111100111100000000
0000000011110000011100000000
0000000011100000011100000000
0000000011100000111100000000
0000000011100011111100000000
0000000011111111111000000000
0000000001111111110000000000
0000000000111101110000000000
0000000000000001110000000000
0000000000000001110000000000
0000000000000001110000000000
0000000000000001110000000000
0000000000000001110000000000
0000000000000011111000000000
0000000000000011111000000000
0000000000000011111000000000
0000000000000011110000000000
0000000000000011100000000000
0000000000000000000000000000
0000000000000000000000000000
