0000000000000000000000000000
0000000000000000000000000000
0000000000000000000000000000
0000000000000000000000000000
0000000000000000000000000000
0000000000000000000000000000
0000000000000000000000000000
0000000000001111100000000000
0000000000011111110000000000
0000000000111100110000000000
0000000001110000110000000000
0000000001100000110000000000
0000000001100001110000000000
0000000001100001110000000000
0000000001111111110000000000
0000000001111111110000000000
0000000000011100110000000000
0000000000000000110000000000
0000000000000000110000000000
0000000000000000110000000000
0000000000000000110000000000
0000000000000000110000000000
0000000000000000110000000000
0000000000000000110000000000
0000000000000000011000000000
0000000000000000011000000000
0000000000000000011000000000
0000000000000000000000000000
