0000000000000000000000000000
0000000000000000000000000000
0000000000000000000000000000
0000000000000000000000000000
0000000000000000000000000000
0000000000000000000000000000
0000000000111111111110000000
0000000001111111111110000000
0000000011111000001110000000
0000000111100000011110000000
0000000111000000111100000000
0000000111000000111100000000
0000000111000000111100000000
0000000110000001111000000000
0000000111000001111000000000
0000000111000001111000000000
0000000111100011111000000000
0000000111111111111000000000
0000000011111111111000000000
0000000001111100111000000000
0000000000000001111000000000
0000000000000001110000000000
0000000000000001110000000000
0000000000000001110000000000
0000000000000001110000000000
0000000000000001110000000000
0000000000000000000000000000
0000000000000000000000000000
