0000000000000000000000000000
0000000000000000000000000000
0000000000000000000000000000
0000000000000000000000000000
0000000000000000000000000000
0000000000111111100000000000
0000000001111111111000000000
0000000011111111111100000000
0000000111111111111110000000
0000000111100000111110000000
0000000111110000011110000000
0000000111110000001110000000
0000000011111111111110000000
0000000011111111111110000000
0000000001111111111110000000
0000000000111111111110000000
0000000000000000011110000000
0000000000000000111100000000
0000000000000000111100000000
0000000111000001111000000000
0000001111110011111000000000
0000001111111111110000000000
0000000111111111100000000000
0000000011111111000000000000
0000000000111110000000000000
0000000000000000000000000000
0000000000000000000000000000
0000000000000000000000000000
