0000000000000000000000000000
0000000000000000000000000000
0000000000000000000000000000
0000000000000000000000000000
0000000000000000000000000000
0000000000000000000000000000
0000000000011111100000000000
0000000001111111110000000000
0000000001111011111000000000
0000000011110000111000000000
0000000011110000111000000000
0000000011110111111100000000
0000000011110111111100000000
0000000011110111111000000000
0000000001110011110000000000
0000000001111111110000000000
0000000000111111110000000000
0000000000000001110000000000
0000000000000011100000000000
0000000000000011100000000000
0000000000000011100000000000
0000000000000111000000000000
0000000000000111000000000000
0000000000000111100000000000
0000000000000111100000000000
0000000000000111000000000000
0000000000000000000000000000
0000000000000000000000000000
