0000000000000000000000000000
0000000000000000000000000000
0000000000000000000000000000
0000000000000000000000000000
0000000000000000000000000000
0000000000000000000000000000
0000000000000111110000000000
0000000000001111110000000000
0000000000011111110000000000
0000000001111111000011000000
0000000001111100000011000000
0000000001110000000111000000
0000000011100000001111000000
0000000011100000011111000000
0000000011100001111111000000
0000000011111111111110000000
0000000011111111111110000000
0000000001111111011100000000
0000000000011000111100000000
0000000000000001111000000000
0000000000000001111000000000
0000000000000011110000000000
0000000000000111100000000000
0000000000000111100000000000
0000000000001111000000000000
0000000000001110000000000000
0000000000000000000000000000
0000000000000000000000000000
