0000000000000000000000000000
0000000000000000000000000000
0000000000000000000000000000
0000000000000000000000000000
0000000000000000000000000000
0000000000001111110000000000
0000000000001111111100000000
0000000000011111111110000000
0000000000011100111110000000
0000000000111100001110000000
0000000000111100001110000000
0000000001111000001110000000
0000000001111000001110000000
0000000001111000011110000000
0000000001111110111100000000
0000000001111111111100000000
0000000000011111111000000000
0000000000000011110000000000
0000000000000011110000000000
0000000000000111100000000000
0000000000001111000000000000
0000000111111110000000000000
0000000111111100000000000000
0000000111111000000000000000
0000000111110000000000000000
0000000000000000000000000000
0000000000000000000000000000
0000000000000000000000000000
