0000000000000000000000000000
0000000000000000000000000000
0000000000000000000000000000
0000000000000000000000000000
0000000000000000000000000000
0000000000000000000000000000
0000000000000000000000000000
0000000001111111111000000000
0000000011111111111111000000
0000001111111111111111000000
0000011111111000001111100000
0000011111000000111111100000
0000011110000000111111000000
0000011110000000111111000000
0000011110000000111111000000
0000011111110011111110000000
0000001111111111111100000000
0000000111111111111100000000
0000000001111111111000000000
0000000000000001111000000000
0000000000000001111000000000
0000000000000001111000000000
0000000000000001111100000000
0000000000000000111100000000
0000000000000000111100000000
0000000000000000111100000000
0000000000000000011100000000
0000000000000000000000000000
