0000000000000000000000000000
0000000000000000000000000000
0000000000000000000000000000
0000000000000000000000000000
0000000000000000000000000000
0000000000000000000000000000
0000000000111111110000000000
0000000001111111111000000000
0000000011111111111000000000
0000000011111000111100000000
0000000111100000111110000000
0000000111000000011110000000
0000000111000000011110000000
0000000111000000111110000000
0000000111100001111110000000
0000000111100011111110000000
0000000011111111111100000000
0000000001111111111100000000
0000000000011110011100000000
0000000000000000111100000000
0000000000000000111000000000
0000000000000001111000000000
0000000000000001111000000000
0000000000000001111000000000
0000000000000001111000000000
0000000000000001111000000000
0000000000000000000000000000
0000000000000000000000000000
