0000000000000000000000000000
0000000000000000000000000000
0000000000000000000000000000
0000000000000000000000000000
0000000000000000000000000000
0000000000000000000000000000
0000000000011111111000000000
0000000001111111111000000000
0000000011111111111100000000
0000000111111000111100000000
0000000111100000011110000000
0000000111100000011110000000
0000000111100000001110000000
0000000111100000011110000000
0000000111100000111110000000
0000000111111001111110000000
0000000011111111111110000000
0000000011111111111100000000
0000000011111111111100000000
0000000000001100111100000000
0000000000000000111000000000
0000000000000001111000000000
0000000000000001111000000000
0000000000000001111100000000
0000000000000001111100000000
0000000000000001111000000000
0000000000000000000000000000
0000000000000000000000000000
