0000000000000000000000000000
0000000000000000000000000000
0000000000000000000000000000
0000000000000000000000000000
0000000000000000000000000000
0000000000000000000000000000
0000000000000000000000000000
0000000000011111111000000000
0000000001111111111000000000
0000000001111101111000000000
0000000011110001111000000000
0000000111100001111000000000
0000000111000001111000000000
0000000111000011111000000000
0000000111001111111000000000
0000000111111111111000000000
0000000111111111111000000000
0000000111111001110000000000
0000000000000001110000000000
0000000000000001110000000000
0000000000000001110000000000
0000000000000001110000000000
0000000000000001110000000000
0000000000000001100000000000
0000000000000001100000000000
0000000000000001100000000000
0000000000000001100000000000
0000000000000000000000000000
