0000000000000000000000000000
0000000000000000000000000000
0000000000000000000000000000
0000000000000000000000000000
0000000000000000000000000000
0000000000000000000000000000
0000000000000000000000000000
0000000011111111100000000000
0000000011111111110000000000
0000000011111111110000000000
0000000011100011110000000000
0000000011110011110000000000
0000000011111111111000000000
0000000001111111111000000000
0000000000111111111000000000
0000000000000001111000000000
0000000000000001111000000000
0000000000000001111000000000
0000000000000001111000000000
0000000000000001111000000000
0000000000000001111000000000
0000000000000001111100000000
0000000000000000111100000000
0000000000000000111100000000
0000000000000000111100000000
0000000000000000111100000000
0000000000000000111100000000
0000000000000000000000000000
