0000000000000000000000000000
0000000000000000000000000000
0000000000000000000000000000
0000000000000000000000000000
0000000000000000000000000000
0000000000000000000000000000
0000000000011111110000000000
0000000000111111111000000000
0000000001111111111100000000
0000000001111100011100000000
0000000011111000011100000000
0000000011100000011100000000
0000000011100000111100000000
0000000011100001111100000000
0000000011100001111000000000
0000000011100111111000000000
0000000011111111111000000000
0000000001111111111000000000
0000000001111111111000000000
0000000000110000111000000000
0000000000000000111000000000
0000000000000000111000000000
0000000000000000011000000000
0000000000000000011100000000
0000000000000000011100000000
0000000000000000011100000000
0000000000000000000000000000
0000000000000000000000000000
